"","X530L","X531L","X531L.1"
"1",530,531,531
