0	0	0	0	0	0	0	0	0	0	0	0	0	0	0	0	0	0	0	0	0	0	0	0	0	0	0	0	0	0	0	0	0	0	0	0	0	0	0	0	0	0	0	0	0	0	0	0	0	0	0	0	0	0	0	0	0	0	0	0	0	0	0	0	0	0	0	0	0	0	0	0	0	0	0	0	0	0	0	0	0	0	0	0	0	0	0	0	0	0	0	0	0	0	0	0	0	0	0	0	0	0	0	0	0	0	0	0	0	0	0	0	0	0	0	0	0	0	0	0	0	0	0	0	0	0	0	0	0	0	0	0	0	0	0	0	0	0	0	0	0	0	0	0	0	0	0	0	0	0	0	0	0	0	0	0	0	0	0	0	0	0	0	0	0	0	0	0	0	0	0	0	0	0	0	0	0	0	0	0	0	0	0	0	0	0	0	0	0	0	0	0	0	0
0	0	0	0	0	0	0	0	0	0	0	0	0	0	0	0	0	0	0	0	0	0	0	0	0	0	0	0	0	0	0	0	0	0	0	0	0	0	0	0	0	0	0	0	0	0	0	0	0	0	0	0	0	0	0	0	0	0	0	0	0	0	0	0	0	0	0	0	0	0	0	0	0	0	0	0	0	0	0	0	0	0	0	0	0	0	0	0	0	0	0	0	0	0	0	0	0	0	0	0	0	0	0	0	0	0	0	0	0	0	0	0	0	0	0	0	0	0	0	0	0	0	0	0	0	0	0	0	0	0	0	0	0	0	0	0	0	0	0	0	0	0	0	0	0	0	0	0	0	0	0	0	0	0	0	0	0	0	0	0	0	0	0	0	0	0	0	0	0	0	0	0	0	0	0	0	0	0	0	0	0	0	0	0	0	0	0	0	0	0	0	0	0	0
0	0	0	0	0	0	0	0	0	0	0	0	0	0	0	0	0	0	0	0	0	0	0	0	0	0	0	0	0	0	0	0	0	0	0	0	0	0	0	0	0	0	0	0	0	0	0	0	0	0	0	0	0	0	0	0	0	0	0	0	0	0	0	0	0	0	0	0	0	0	0	0	0	0	0	0	0	0	0	0	0	0	0	0	0	0	0	0	0	0	0	0	0	0	0	0	0	0	0	0	0	0	0	0	0	0	0	0	0	0	0	0	0	0	0	0	0	0	0	0	0	0	0	0	0	0	0	0	0	0	0	0	0	0	0	0	0	0	0	0	0	0	0	0	0	0	0	0	0	0	0	0	0	0	0	0	0	0	0	0	0	0	0	0	0	0	0	0	0	0	0	0	0	0	0	0	0	0	0	0	0	0	0	0	0	0	0	0	0	0	0	0	0	0
0	0	0	0	0	0	0	0	0	0	0	0	0	0	0	0	0	0	0	0	0	0	0	0	0	0	0	0	0	0	0	0	0	0	0	0	0	0	0	0	0	0	0	0	0	0	0	0	0	0	0	0	0	0	0	0	0	0	0	0	0	0	0	0	0	0	0	0	0	0	0	0	0	0	0	0	0	0	0	0	0	0	0	0	0	0	0	0	0	0	0	0	0	0	0	0	0	0	0	0	0	0	0	0	0	0	0	0	0	0	0	0	0	0	0	0	0	0	0	0	0	0	0	0	0	0	0	0	0	0	0	0	0	0	0	0	0	0	0	0	0	0	0	0	0	0	0	0	0	0	0	0	0	0	0	0	0	0	0	0	0	0	0	0	0	0	0	0	0	0	0	0	0	0	0	0	0	0	0	0	0	0	0	0	0	0	0	0	0	0	0	0	0	0
0	0	0	0	0	0	0	0	0	0	0	0	0	0	0	0	0	0	0	0	0	0	0	0	0	0	0	0	0	0	0	0	0	0	0	0	0	0	0	0	0	0	0	0	0	0	0	0	0	0	0	0	0	0	0	0	0	0	0	0	0	0	0	0	0	0	0	0	0	0	0	0	0	0	0	0	0	0	0	0	0	0	0	0	0	0	0	0	0	0	0	0	0	0	0	0	0	0	0	0	0	0	0	0	0	0	0	0	0	0	0	0	0	0	0	0	0	0	0	0	0	0	0	0	0	0	0	0	0	0	0	0	0	0	0	0	0	0	0	0	0	0	0	0	0	0	0	0	0	0	0	0	0	0	0	0	0	0	0	0	0	0	0	0	0	0	0	0	0	0	0	0	0	0	0	0	0	0	0	0	0	0	0	0	0	0	0	0	0	0	0	0	0	0
0	0	0	0	0	-17.25	-17.27	-17.29	-17.31	-17.33	-17.35	-17.37	-17.4	-17.42	-17.44	-17.46	-17.48	-17.5	-17.52	-17.54	-17.56	-17.58	-17.6	-17.62	-17.64	-17.67	-17.69	-17.71	-17.73	-17.75	-17.77	-17.79	-17.81	-17.83	-17.85	-17.87	-17.89	-17.91	-17.94	-17.96	-17.87	-17.78	-17.7	-17.61	-17.52	-17.43	-17.35	-17.26	-17.17	-17.09	-17	-16.91	-16.83	-16.74	-16.65	-16.57	-16.48	-16.39	-16.3	-16.22	-16.13	-16.04	-15.96	-15.91	-15.87	-15.83	-15.78	-15.74	-15.7	-15.65	-15.61	-15.57	-15.52	-15.48	-15.43	-15.39	-15.35	-15.3	-15.26	-15.22	-15.17	-15.13	-15.09	-15.04	-15	-14.96	-14.87	-14.78	-14.7	-14.61	-14.52	-14.43	-14.35	-14.26	-14.17	-14.09	-14	-13.91	-13.83	-13.74	-13.65	-13.57	-13.48	-13.39	-13.3	-13.22	-13.13	-13.04	-12.96	-12.85	-12.74	-12.63	-12.53	-12.42	-12.31	-12.2	-12.09	-11.99	-11.88	-11.77	-11.66	-11.56	-11.45	-11.34	-11.23	-11.12	-11.02	-10.91	-10.8	-10.69	-10.59	-10.48	-10.46	-10.43	-10.41	-10.39	-10.36	-10.34	-10.32	-10.3	-10.27	-10.25	-10.23	-10.21	-10.18	-10.16	-10.14	-10.12	-10.09	-10.07	-10.05	-10.02	-10	-9.98	-9.96	-9.85	-9.74	-9.63	-9.53	-9.42	-9.31	-9.2	-9.09	-8.99	-8.88	-8.77	-8.66	-8.56	-8.45	-8.34	-8.23	-8.12	-8.02	-7.91	-7.8	-7.69	-7.59	-7.48	-7.37	-7.26	-7.16	-7.05	-6.94	-6.83	-6.72	-6.62	-6.51	-6.4	-6.29	0	0	0	0	0
0	0	0	0	0	-17.23	-17.25	-17.26	-17.28	-17.3	-17.32	-17.34	-17.36	-17.38	-17.4	-17.42	-17.43	-17.45	-17.47	-17.49	-17.51	-17.53	-17.55	-17.57	-17.59	-17.6	-17.62	-17.64	-17.66	-17.68	-17.7	-17.72	-17.74	-17.76	-17.78	-17.79	-17.81	-17.83	-17.85	-17.87	-17.78	-17.7	-17.61	-17.52	-17.43	-17.35	-17.26	-17.17	-17.09	-17	-16.91	-16.83	-16.74	-16.65	-16.57	-16.48	-16.39	-16.3	-16.22	-16.13	-16.04	-15.96	-15.87	-15.83	-15.78	-15.74	-15.7	-15.65	-15.61	-15.57	-15.52	-15.48	-15.43	-15.39	-15.35	-15.3	-15.26	-15.22	-15.17	-15.13	-15.09	-15.04	-15	-14.96	-14.91	-14.87	-14.78	-14.7	-14.61	-14.52	-14.43	-14.35	-14.26	-14.17	-14.09	-14	-13.91	-13.83	-13.74	-13.65	-13.57	-13.48	-13.39	-13.3	-13.22	-13.13	-13.04	-12.96	-12.87	-12.76	-12.66	-12.55	-12.45	-12.34	-12.23	-12.13	-12.02	-11.92	-11.81	-11.71	-11.6	-11.49	-11.39	-11.28	-11.18	-11.07	-10.96	-10.86	-10.75	-10.65	-10.54	-10.43	-10.41	-10.39	-10.36	-10.34	-10.31	-10.29	-10.26	-10.24	-10.21	-10.19	-10.16	-10.14	-10.12	-10.09	-10.07	-10.04	-10.02	-9.99	-9.97	-9.94	-9.92	-9.89	-9.87	-9.76	-9.66	-9.55	-9.45	-9.34	-9.23	-9.13	-9.02	-8.92	-8.81	-8.71	-8.6	-8.49	-8.39	-8.28	-8.18	-8.07	-7.96	-7.86	-7.75	-7.65	-7.54	-7.43	-7.33	-7.22	-7.12	-7.01	-6.91	-6.8	-6.69	-6.59	-6.48	-6.38	-6.27	0	0	0	0	0
0	0	0	0	0	-17.2	-17.22	-17.24	-17.26	-17.27	-17.29	-17.31	-17.32	-17.34	-17.36	-17.37	-17.39	-17.41	-17.43	-17.44	-17.46	-17.48	-17.49	-17.51	-17.53	-17.54	-17.56	-17.58	-17.6	-17.61	-17.63	-17.65	-17.66	-17.68	-17.7	-17.71	-17.73	-17.75	-17.77	-17.78	-17.7	-17.61	-17.52	-17.43	-17.35	-17.26	-17.17	-17.09	-17	-16.91	-16.83	-16.74	-16.65	-16.57	-16.48	-16.39	-16.3	-16.22	-16.13	-16.04	-15.96	-15.87	-15.78	-15.74	-15.7	-15.65	-15.61	-15.57	-15.52	-15.48	-15.43	-15.39	-15.35	-15.3	-15.26	-15.22	-15.17	-15.13	-15.09	-15.04	-15	-14.96	-14.91	-14.87	-14.83	-14.78	-14.7	-14.61	-14.52	-14.43	-14.35	-14.26	-14.17	-14.09	-14	-13.91	-13.83	-13.74	-13.65	-13.57	-13.48	-13.39	-13.3	-13.22	-13.13	-13.04	-12.96	-12.87	-12.78	-12.68	-12.57	-12.47	-12.37	-12.26	-12.16	-12.05	-11.95	-11.85	-11.74	-11.64	-11.53	-11.43	-11.33	-11.22	-11.12	-11.02	-10.91	-10.81	-10.7	-10.6	-10.5	-10.39	-10.36	-10.34	-10.31	-10.29	-10.26	-10.23	-10.21	-10.18	-10.15	-10.13	-10.1	-10.07	-10.05	-10.02	-9.99	-9.97	-9.94	-9.91	-9.89	-9.86	-9.84	-9.81	-9.78	-9.68	-9.57	-9.47	-9.37	-9.26	-9.16	-9.05	-8.95	-8.85	-8.74	-8.64	-8.53	-8.43	-8.33	-8.22	-8.12	-8.02	-7.91	-7.81	-7.7	-7.6	-7.5	-7.39	-7.29	-7.18	-7.08	-6.98	-6.87	-6.77	-6.66	-6.56	-6.46	-6.35	-6.25	0	0	0	0	0
0	0	0	0	0	-17.18	-17.2	-17.21	-17.23	-17.24	-17.26	-17.27	-17.29	-17.3	-17.32	-17.33	-17.35	-17.36	-17.38	-17.39	-17.41	-17.42	-17.44	-17.45	-17.47	-17.48	-17.5	-17.51	-17.53	-17.54	-17.56	-17.57	-17.59	-17.6	-17.62	-17.64	-17.65	-17.67	-17.68	-17.7	-17.61	-17.52	-17.43	-17.35	-17.26	-17.17	-17.09	-17	-16.91	-16.83	-16.74	-16.65	-16.57	-16.48	-16.39	-16.3	-16.22	-16.13	-16.04	-15.96	-15.87	-15.78	-15.7	-15.65	-15.61	-15.57	-15.52	-15.48	-15.43	-15.39	-15.35	-15.3	-15.26	-15.22	-15.17	-15.13	-15.09	-15.04	-15	-14.96	-14.91	-14.87	-14.83	-14.78	-14.74	-14.7	-14.61	-14.52	-14.43	-14.35	-14.26	-14.17	-14.09	-14	-13.91	-13.83	-13.74	-13.65	-13.57	-13.48	-13.39	-13.3	-13.22	-13.13	-13.04	-12.96	-12.87	-12.78	-12.7	-12.59	-12.49	-12.39	-12.29	-12.19	-12.08	-11.98	-11.88	-11.78	-11.67	-11.57	-11.47	-11.37	-11.27	-11.16	-11.06	-10.96	-10.86	-10.76	-10.65	-10.55	-10.45	-10.35	-10.32	-10.29	-10.26	-10.23	-10.21	-10.18	-10.15	-10.12	-10.09	-10.06	-10.04	-10.01	-9.98	-9.95	-9.92	-9.89	-9.87	-9.84	-9.81	-9.78	-9.75	-9.72	-9.7	-9.59	-9.49	-9.39	-9.29	-9.19	-9.08	-8.98	-8.88	-8.78	-8.67	-8.57	-8.47	-8.37	-8.27	-8.16	-8.06	-7.96	-7.86	-7.76	-7.65	-7.55	-7.45	-7.35	-7.25	-7.14	-7.04	-6.94	-6.84	-6.74	-6.63	-6.53	-6.43	-6.33	-6.22	0	0	0	0	0
0	0	0	0	0	-17.16	-17.17	-17.19	-17.2	-17.21	-17.22	-17.24	-17.25	-17.26	-17.28	-17.29	-17.3	-17.32	-17.33	-17.34	-17.36	-17.37	-17.38	-17.4	-17.41	-17.42	-17.44	-17.45	-17.46	-17.48	-17.49	-17.5	-17.52	-17.53	-17.54	-17.56	-17.57	-17.58	-17.6	-17.61	-17.52	-17.43	-17.35	-17.26	-17.17	-17.09	-17	-16.91	-16.83	-16.74	-16.65	-16.57	-16.48	-16.39	-16.3	-16.22	-16.13	-16.04	-15.96	-15.87	-15.78	-15.7	-15.61	-15.57	-15.52	-15.48	-15.43	-15.39	-15.35	-15.3	-15.26	-15.22	-15.17	-15.13	-15.09	-15.04	-15	-14.96	-14.91	-14.87	-14.83	-14.78	-14.74	-14.7	-14.65	-14.61	-14.52	-14.43	-14.35	-14.26	-14.17	-14.09	-14	-13.91	-13.83	-13.74	-13.65	-13.57	-13.48	-13.39	-13.3	-13.22	-13.13	-13.04	-12.96	-12.87	-12.78	-12.7	-12.61	-12.51	-12.41	-12.31	-12.21	-12.11	-12.01	-11.91	-11.81	-11.71	-11.61	-11.51	-11.41	-11.31	-11.21	-11.11	-11.01	-10.91	-10.81	-10.71	-10.6	-10.5	-10.4	-10.3	-10.27	-10.24	-10.21	-10.18	-10.15	-10.12	-10.09	-10.06	-10.03	-10	-9.97	-9.94	-9.91	-9.88	-9.85	-9.82	-9.79	-9.76	-9.73	-9.7	-9.67	-9.64	-9.61	-9.51	-9.41	-9.31	-9.21	-9.11	-9.01	-8.91	-8.81	-8.71	-8.61	-8.51	-8.41	-8.31	-8.21	-8.11	-8.01	-7.91	-7.81	-7.71	-7.6	-7.5	-7.4	-7.3	-7.2	-7.1	-7	-6.9	-6.8	-6.7	-6.6	-6.5	-6.4	-6.3	-6.2	0	0	0	0	0
0	0	0	0	0	-17.14	-17.15	-17.16	-17.17	-17.18	-17.19	-17.2	-17.22	-17.23	-17.24	-17.25	-17.26	-17.27	-17.28	-17.29	-17.31	-17.32	-17.33	-17.34	-17.35	-17.36	-17.37	-17.39	-17.4	-17.41	-17.42	-17.43	-17.44	-17.45	-17.47	-17.48	-17.49	-17.5	-17.51	-17.52	-17.43	-17.35	-17.26	-17.17	-17.09	-17	-16.91	-16.83	-16.74	-16.65	-16.57	-16.48	-16.39	-16.3	-16.22	-16.13	-16.04	-15.96	-15.87	-15.78	-15.7	-15.61	-15.52	-15.48	-15.43	-15.39	-15.35	-15.3	-15.26	-15.22	-15.17	-15.13	-15.09	-15.04	-15	-14.96	-14.91	-14.87	-14.83	-14.78	-14.74	-14.7	-14.65	-14.61	-14.57	-14.52	-14.43	-14.35	-14.26	-14.17	-14.09	-14	-13.91	-13.83	-13.74	-13.65	-13.57	-13.48	-13.39	-13.3	-13.22	-13.13	-13.04	-12.96	-12.87	-12.78	-12.7	-12.61	-12.52	-12.42	-12.33	-12.23	-12.13	-12.03	-11.93	-11.83	-11.74	-11.64	-11.54	-11.44	-11.34	-11.24	-11.15	-11.05	-10.95	-10.85	-10.75	-10.65	-10.56	-10.46	-10.36	-10.26	-10.23	-10.2	-10.16	-10.13	-10.1	-10.07	-10.04	-10	-9.97	-9.94	-9.91	-9.88	-9.84	-9.81	-9.78	-9.75	-9.71	-9.68	-9.65	-9.62	-9.59	-9.55	-9.52	-9.42	-9.33	-9.23	-9.13	-9.03	-8.93	-8.83	-8.74	-8.64	-8.54	-8.44	-8.34	-8.24	-8.15	-8.05	-7.95	-7.85	-7.75	-7.65	-7.56	-7.46	-7.36	-7.26	-7.16	-7.06	-6.97	-6.87	-6.77	-6.67	-6.57	-6.47	-6.38	-6.28	-6.18	0	0	0	0	0
0	0	0	0	0	-17.11	-17.12	-17.13	-17.14	-17.15	-17.16	-17.17	-17.18	-17.19	-17.2	-17.21	-17.22	-17.23	-17.24	-17.25	-17.26	-17.26	-17.27	-17.28	-17.29	-17.3	-17.31	-17.32	-17.33	-17.34	-17.35	-17.36	-17.37	-17.38	-17.39	-17.4	-17.41	-17.42	-17.43	-17.43	-17.35	-17.26	-17.17	-17.09	-17	-16.91	-16.83	-16.74	-16.65	-16.57	-16.48	-16.39	-16.3	-16.22	-16.13	-16.04	-15.96	-15.87	-15.78	-15.7	-15.61	-15.52	-15.43	-15.39	-15.35	-15.3	-15.26	-15.22	-15.17	-15.13	-15.09	-15.04	-15	-14.96	-14.91	-14.87	-14.83	-14.78	-14.74	-14.7	-14.65	-14.61	-14.57	-14.52	-14.48	-14.43	-14.35	-14.26	-14.17	-14.09	-14	-13.91	-13.83	-13.74	-13.65	-13.57	-13.48	-13.39	-13.3	-13.22	-13.13	-13.04	-12.96	-12.87	-12.78	-12.7	-12.61	-12.52	-12.43	-12.34	-12.24	-12.15	-12.05	-11.95	-11.86	-11.76	-11.66	-11.57	-11.47	-11.37	-11.28	-11.18	-11.09	-10.99	-10.89	-10.8	-10.7	-10.6	-10.51	-10.41	-10.31	-10.22	-10.18	-10.15	-10.12	-10.08	-10.05	-10.01	-9.98	-9.95	-9.91	-9.88	-9.84	-9.81	-9.78	-9.74	-9.71	-9.67	-9.64	-9.6	-9.57	-9.54	-9.5	-9.47	-9.43	-9.34	-9.24	-9.15	-9.05	-8.95	-8.86	-8.76	-8.66	-8.57	-8.47	-8.37	-8.28	-8.18	-8.09	-7.99	-7.89	-7.8	-7.7	-7.6	-7.51	-7.41	-7.31	-7.22	-7.12	-7.02	-6.93	-6.83	-6.74	-6.64	-6.54	-6.45	-6.35	-6.25	-6.16	0	0	0	0	0
0	0	0	0	0	-17.09	-17.1	-17.11	-17.11	-17.12	-17.13	-17.14	-17.14	-17.15	-17.16	-17.17	-17.17	-17.18	-17.19	-17.2	-17.2	-17.21	-17.22	-17.23	-17.23	-17.24	-17.25	-17.26	-17.26	-17.27	-17.28	-17.29	-17.29	-17.3	-17.31	-17.32	-17.33	-17.33	-17.34	-17.35	-17.26	-17.17	-17.09	-17	-16.91	-16.83	-16.74	-16.65	-16.57	-16.48	-16.39	-16.3	-16.22	-16.13	-16.04	-15.96	-15.87	-15.78	-15.7	-15.61	-15.52	-15.43	-15.35	-15.3	-15.26	-15.22	-15.17	-15.13	-15.09	-15.04	-15	-14.96	-14.91	-14.87	-14.83	-14.78	-14.74	-14.7	-14.65	-14.61	-14.57	-14.52	-14.48	-14.43	-14.39	-14.35	-14.26	-14.17	-14.09	-14	-13.91	-13.83	-13.74	-13.65	-13.57	-13.48	-13.39	-13.3	-13.22	-13.13	-13.04	-12.96	-12.87	-12.78	-12.7	-12.61	-12.52	-12.43	-12.35	-12.25	-12.16	-12.06	-11.97	-11.88	-11.78	-11.69	-11.59	-11.5	-11.4	-11.31	-11.21	-11.12	-11.02	-10.93	-10.84	-10.74	-10.65	-10.55	-10.46	-10.36	-10.27	-10.17	-10.14	-10.1	-10.07	-10.03	-9.99	-9.96	-9.92	-9.89	-9.85	-9.81	-9.78	-9.74	-9.71	-9.67	-9.64	-9.6	-9.56	-9.53	-9.49	-9.46	-9.42	-9.38	-9.35	-9.25	-9.16	-9.06	-8.97	-8.88	-8.78	-8.69	-8.59	-8.5	-8.4	-8.31	-8.21	-8.12	-8.02	-7.93	-7.84	-7.74	-7.65	-7.55	-7.46	-7.36	-7.27	-7.17	-7.08	-6.98	-6.89	-6.8	-6.7	-6.61	-6.51	-6.42	-6.32	-6.23	-6.13	0	0	0	0	0
0	0	0	0	0	-17.07	-17.07	-17.08	-17.09	-17.09	-17.1	-17.1	-17.11	-17.11	-17.12	-17.12	-17.13	-17.14	-17.14	-17.15	-17.15	-17.16	-17.16	-17.17	-17.18	-17.18	-17.19	-17.19	-17.2	-17.2	-17.21	-17.22	-17.22	-17.23	-17.23	-17.24	-17.24	-17.25	-17.26	-17.26	-17.17	-17.09	-17	-16.91	-16.83	-16.74	-16.65	-16.57	-16.48	-16.39	-16.3	-16.22	-16.13	-16.04	-15.96	-15.87	-15.78	-15.7	-15.61	-15.52	-15.43	-15.35	-15.26	-15.22	-15.17	-15.13	-15.09	-15.04	-15	-14.96	-14.91	-14.87	-14.83	-14.78	-14.74	-14.7	-14.65	-14.61	-14.57	-14.52	-14.48	-14.43	-14.39	-14.35	-14.3	-14.26	-14.17	-14.09	-14	-13.91	-13.83	-13.74	-13.65	-13.57	-13.48	-13.39	-13.3	-13.22	-13.13	-13.04	-12.96	-12.87	-12.78	-12.7	-12.61	-12.52	-12.43	-12.35	-12.26	-12.17	-12.08	-11.98	-11.89	-11.8	-11.71	-11.61	-11.52	-11.43	-11.33	-11.24	-11.15	-11.06	-10.96	-10.87	-10.78	-10.69	-10.59	-10.5	-10.41	-10.32	-10.22	-10.13	-10.09	-10.05	-10.02	-9.98	-9.94	-9.9	-9.87	-9.83	-9.79	-9.75	-9.71	-9.68	-9.64	-9.6	-9.56	-9.53	-9.49	-9.45	-9.41	-9.37	-9.34	-9.3	-9.26	-9.17	-9.08	-8.98	-8.89	-8.8	-8.71	-8.61	-8.52	-8.43	-8.33	-8.24	-8.15	-8.06	-7.96	-7.87	-7.78	-7.69	-7.59	-7.5	-7.41	-7.32	-7.22	-7.13	-7.04	-6.95	-6.85	-6.76	-6.67	-6.57	-6.48	-6.39	-6.3	-6.2	-6.11	0	0	0	0	0
0	0	0	0	0	-17.05	-17.05	-17.05	-17.06	-17.06	-17.06	-17.07	-17.07	-17.08	-17.08	-17.08	-17.09	-17.09	-17.09	-17.1	-17.1	-17.11	-17.11	-17.11	-17.12	-17.12	-17.12	-17.13	-17.13	-17.14	-17.14	-17.14	-17.15	-17.15	-17.16	-17.16	-17.16	-17.17	-17.17	-17.17	-17.09	-17	-16.91	-16.83	-16.74	-16.65	-16.57	-16.48	-16.39	-16.3	-16.22	-16.13	-16.04	-15.96	-15.87	-15.78	-15.7	-15.61	-15.52	-15.43	-15.35	-15.26	-15.17	-15.13	-15.09	-15.04	-15	-14.96	-14.91	-14.87	-14.83	-14.78	-14.74	-14.7	-14.65	-14.61	-14.57	-14.52	-14.48	-14.43	-14.39	-14.35	-14.3	-14.26	-14.22	-14.17	-14.09	-14	-13.91	-13.83	-13.74	-13.65	-13.57	-13.48	-13.39	-13.3	-13.22	-13.13	-13.04	-12.96	-12.87	-12.78	-12.7	-12.61	-12.52	-12.43	-12.35	-12.26	-12.17	-12.08	-11.99	-11.9	-11.81	-11.72	-11.63	-11.54	-11.45	-11.36	-11.27	-11.18	-11.09	-10.99	-10.9	-10.81	-10.72	-10.63	-10.54	-10.45	-10.36	-10.27	-10.18	-10.09	-10.05	-10.01	-9.97	-9.93	-9.89	-9.85	-9.81	-9.77	-9.73	-9.69	-9.65	-9.61	-9.57	-9.53	-9.49	-9.45	-9.41	-9.37	-9.33	-9.29	-9.25	-9.21	-9.17	-9.08	-8.99	-8.9	-8.81	-8.72	-8.63	-8.54	-8.45	-8.36	-8.27	-8.18	-8.09	-7.99	-7.9	-7.81	-7.72	-7.63	-7.54	-7.45	-7.36	-7.27	-7.18	-7.09	-7	-6.91	-6.81	-6.72	-6.63	-6.54	-6.45	-6.36	-6.27	-6.18	-6.09	0	0	0	0	0
0	0	0	0	0	-17.02	-17.02	-17.03	-17.03	-17.03	-17.03	-17.03	-17.04	-17.04	-17.04	-17.04	-17.04	-17.05	-17.05	-17.05	-17.05	-17.05	-17.05	-17.06	-17.06	-17.06	-17.06	-17.06	-17.07	-17.07	-17.07	-17.07	-17.07	-17.08	-17.08	-17.08	-17.08	-17.08	-17.09	-17.09	-17	-16.91	-16.83	-16.74	-16.65	-16.57	-16.48	-16.39	-16.3	-16.22	-16.13	-16.04	-15.96	-15.87	-15.78	-15.7	-15.61	-15.52	-15.43	-15.35	-15.26	-15.17	-15.09	-15.04	-15	-14.96	-14.91	-14.87	-14.83	-14.78	-14.74	-14.7	-14.65	-14.61	-14.57	-14.52	-14.48	-14.43	-14.39	-14.35	-14.3	-14.26	-14.22	-14.17	-14.13	-14.09	-14	-13.91	-13.83	-13.74	-13.65	-13.57	-13.48	-13.39	-13.3	-13.22	-13.13	-13.04	-12.96	-12.87	-12.78	-12.7	-12.61	-12.52	-12.43	-12.35	-12.26	-12.17	-12.09	-12	-11.91	-11.82	-11.73	-11.64	-11.55	-11.47	-11.38	-11.29	-11.2	-11.11	-11.02	-10.93	-10.84	-10.75	-10.67	-10.58	-10.49	-10.4	-10.31	-10.22	-10.13	-10.04	-10	-9.96	-9.92	-9.88	-9.84	-9.79	-9.75	-9.71	-9.67	-9.63	-9.59	-9.54	-9.5	-9.46	-9.42	-9.38	-9.34	-9.29	-9.25	-9.21	-9.17	-9.13	-9.09	-9	-8.91	-8.82	-8.73	-8.64	-8.55	-8.47	-8.38	-8.29	-8.2	-8.11	-8.02	-7.93	-7.84	-7.75	-7.67	-7.58	-7.49	-7.4	-7.31	-7.22	-7.13	-7.04	-6.95	-6.87	-6.78	-6.69	-6.6	-6.51	-6.42	-6.33	-6.24	-6.16	-6.07	0	0	0	0	0
0	0	0	0	0	-17	-17	-17	-17	-17	-17	-17	-17	-17	-17	-17	-17	-17	-17	-17	-17	-17	-17	-17	-17	-17	-17	-17	-17	-17	-17	-17	-17	-17	-17	-17	-17	-17	-17	-17	-16.91	-16.83	-16.74	-16.65	-16.57	-16.48	-16.39	-16.3	-16.22	-16.13	-16.04	-15.96	-15.87	-15.78	-15.7	-15.61	-15.52	-15.43	-15.35	-15.26	-15.17	-15.09	-15	-14.96	-14.91	-14.87	-14.83	-14.78	-14.74	-14.7	-14.65	-14.61	-14.57	-14.52	-14.48	-14.43	-14.39	-14.35	-14.3	-14.26	-14.22	-14.17	-14.13	-14.09	-14.04	-14	-13.91	-13.83	-13.74	-13.65	-13.57	-13.48	-13.39	-13.3	-13.22	-13.13	-13.04	-12.96	-12.87	-12.78	-12.7	-12.61	-12.52	-12.43	-12.35	-12.26	-12.17	-12.09	-12	-11.91	-11.83	-11.74	-11.65	-11.57	-11.48	-11.39	-11.3	-11.22	-11.13	-11.04	-10.96	-10.87	-10.78	-10.7	-10.61	-10.52	-10.43	-10.35	-10.26	-10.17	-10.09	-10	-9.96	-9.91	-9.87	-9.83	-9.78	-9.74	-9.7	-9.65	-9.61	-9.57	-9.52	-9.48	-9.43	-9.39	-9.35	-9.3	-9.26	-9.22	-9.17	-9.13	-9.09	-9.04	-9	-8.91	-8.83	-8.74	-8.65	-8.57	-8.48	-8.39	-8.3	-8.22	-8.13	-8.04	-7.96	-7.87	-7.78	-7.7	-7.61	-7.52	-7.43	-7.35	-7.26	-7.17	-7.09	-7	-6.91	-6.83	-6.74	-6.65	-6.57	-6.48	-6.39	-6.3	-6.22	-6.13	-6.04	0	0	0	0	0
0	0	0	0	0	-16.98	-16.98	-16.97	-16.97	-16.97	-16.97	-16.97	-16.96	-16.96	-16.96	-16.96	-16.96	-16.95	-16.95	-16.95	-16.95	-16.95	-16.95	-16.94	-16.94	-16.94	-16.94	-16.94	-16.93	-16.93	-16.93	-16.93	-16.93	-16.92	-16.92	-16.92	-16.92	-16.92	-16.91	-16.91	-16.83	-16.74	-16.65	-16.57	-16.48	-16.39	-16.3	-16.22	-16.13	-16.04	-15.96	-15.87	-15.78	-15.7	-15.61	-15.52	-15.43	-15.35	-15.26	-15.17	-15.09	-15	-14.91	-14.87	-14.83	-14.78	-14.74	-14.7	-14.65	-14.61	-14.57	-14.52	-14.48	-14.43	-14.39	-14.35	-14.3	-14.26	-14.22	-14.17	-14.13	-14.09	-14.04	-14	-13.96	-13.91	-13.83	-13.74	-13.65	-13.57	-13.48	-13.39	-13.3	-13.22	-13.13	-13.04	-12.96	-12.87	-12.78	-12.7	-12.61	-12.52	-12.43	-12.35	-12.26	-12.17	-12.09	-12	-11.91	-11.83	-11.74	-11.66	-11.57	-11.49	-11.4	-11.32	-11.23	-11.15	-11.06	-10.98	-10.89	-10.81	-10.72	-10.64	-10.55	-10.47	-10.38	-10.3	-10.21	-10.13	-10.04	-9.96	-9.91	-9.87	-9.82	-9.78	-9.73	-9.68	-9.64	-9.59	-9.55	-9.5	-9.46	-9.41	-9.37	-9.32	-9.28	-9.23	-9.19	-9.14	-9.09	-9.05	-9	-8.96	-8.91	-8.83	-8.74	-8.66	-8.57	-8.49	-8.4	-8.32	-8.23	-8.15	-8.06	-7.98	-7.89	-7.81	-7.72	-7.64	-7.55	-7.47	-7.38	-7.3	-7.21	-7.13	-7.04	-6.96	-6.87	-6.79	-6.7	-6.62	-6.53	-6.45	-6.36	-6.28	-6.19	-6.11	-6.02	0	0	0	0	0
0	0	0	0	0	-16.95	-16.95	-16.95	-16.94	-16.94	-16.94	-16.93	-16.93	-16.92	-16.92	-16.92	-16.91	-16.91	-16.91	-16.9	-16.9	-16.89	-16.89	-16.89	-16.88	-16.88	-16.88	-16.87	-16.87	-16.86	-16.86	-16.86	-16.85	-16.85	-16.84	-16.84	-16.84	-16.83	-16.83	-16.83	-16.74	-16.65	-16.57	-16.48	-16.39	-16.3	-16.22	-16.13	-16.04	-15.96	-15.87	-15.78	-15.7	-15.61	-15.52	-15.43	-15.35	-15.26	-15.17	-15.09	-15	-14.91	-14.83	-14.78	-14.74	-14.7	-14.65	-14.61	-14.57	-14.52	-14.48	-14.43	-14.39	-14.35	-14.3	-14.26	-14.22	-14.17	-14.13	-14.09	-14.04	-14	-13.96	-13.91	-13.87	-13.83	-13.74	-13.65	-13.57	-13.48	-13.39	-13.3	-13.22	-13.13	-13.04	-12.96	-12.87	-12.78	-12.7	-12.61	-12.52	-12.43	-12.35	-12.26	-12.17	-12.09	-12	-11.91	-11.83	-11.74	-11.66	-11.58	-11.49	-11.41	-11.33	-11.24	-11.16	-11.08	-10.99	-10.91	-10.83	-10.74	-10.66	-10.58	-10.5	-10.41	-10.33	-10.25	-10.16	-10.08	-10	-9.91	-9.87	-9.82	-9.77	-9.72	-9.68	-9.63	-9.58	-9.53	-9.49	-9.44	-9.39	-9.35	-9.3	-9.25	-9.2	-9.16	-9.11	-9.06	-9.02	-8.97	-8.92	-8.87	-8.83	-8.74	-8.66	-8.58	-8.49	-8.41	-8.33	-8.24	-8.16	-8.08	-7.99	-7.91	-7.83	-7.74	-7.66	-7.58	-7.5	-7.41	-7.33	-7.25	-7.16	-7.08	-7	-6.91	-6.83	-6.75	-6.66	-6.58	-6.5	-6.41	-6.33	-6.25	-6.16	-6.08	-6	0	0	0	0	0
0	0	0	0	0	-16.93	-16.93	-16.92	-16.91	-16.91	-16.9	-16.9	-16.89	-16.89	-16.88	-16.88	-16.87	-16.86	-16.86	-16.85	-16.85	-16.84	-16.84	-16.83	-16.82	-16.82	-16.81	-16.81	-16.8	-16.8	-16.79	-16.78	-16.78	-16.77	-16.77	-16.76	-16.76	-16.75	-16.74	-16.74	-16.65	-16.57	-16.48	-16.39	-16.3	-16.22	-16.13	-16.04	-15.96	-15.87	-15.78	-15.7	-15.61	-15.52	-15.43	-15.35	-15.26	-15.17	-15.09	-15	-14.91	-14.83	-14.74	-14.7	-14.65	-14.61	-14.57	-14.52	-14.48	-14.43	-14.39	-14.35	-14.3	-14.26	-14.22	-14.17	-14.13	-14.09	-14.04	-14	-13.96	-13.91	-13.87	-13.83	-13.78	-13.74	-13.65	-13.57	-13.48	-13.39	-13.3	-13.22	-13.13	-13.04	-12.96	-12.87	-12.78	-12.7	-12.61	-12.52	-12.43	-12.35	-12.26	-12.17	-12.09	-12	-11.91	-11.83	-11.74	-11.66	-11.58	-11.5	-11.41	-11.33	-11.25	-11.17	-11.09	-11.01	-10.93	-10.84	-10.76	-10.68	-10.6	-10.52	-10.44	-10.36	-10.28	-10.19	-10.11	-10.03	-9.95	-9.87	-9.82	-9.77	-9.72	-9.67	-9.62	-9.57	-9.53	-9.48	-9.43	-9.38	-9.33	-9.28	-9.23	-9.18	-9.13	-9.08	-9.03	-8.98	-8.94	-8.89	-8.84	-8.79	-8.74	-8.66	-8.58	-8.5	-8.41	-8.33	-8.25	-8.17	-8.09	-8.01	-7.93	-7.84	-7.76	-7.68	-7.6	-7.52	-7.44	-7.36	-7.28	-7.19	-7.11	-7.03	-6.95	-6.87	-6.79	-6.71	-6.63	-6.54	-6.46	-6.38	-6.3	-6.22	-6.14	-6.06	-5.98	0	0	0	0	0
0	0	0	0	0	-16.91	-16.9	-16.89	-16.89	-16.88	-16.87	-16.86	-16.86	-16.85	-16.84	-16.83	-16.83	-16.82	-16.81	-16.8	-16.8	-16.79	-16.78	-16.77	-16.77	-16.76	-16.75	-16.74	-16.74	-16.73	-16.72	-16.71	-16.71	-16.7	-16.69	-16.68	-16.67	-16.67	-16.66	-16.65	-16.57	-16.48	-16.39	-16.3	-16.22	-16.13	-16.04	-15.96	-15.87	-15.78	-15.7	-15.61	-15.52	-15.43	-15.35	-15.26	-15.17	-15.09	-15	-14.91	-14.83	-14.74	-14.65	-14.61	-14.57	-14.52	-14.48	-14.43	-14.39	-14.35	-14.3	-14.26	-14.22	-14.17	-14.13	-14.09	-14.04	-14	-13.96	-13.91	-13.87	-13.83	-13.78	-13.74	-13.7	-13.65	-13.57	-13.48	-13.39	-13.3	-13.22	-13.13	-13.04	-12.96	-12.87	-12.78	-12.7	-12.61	-12.52	-12.43	-12.35	-12.26	-12.17	-12.09	-12	-11.91	-11.83	-11.74	-11.65	-11.57	-11.49	-11.41	-11.33	-11.26	-11.18	-11.1	-11.02	-10.94	-10.86	-10.78	-10.7	-10.62	-10.54	-10.46	-10.38	-10.3	-10.22	-10.14	-10.06	-9.98	-9.91	-9.83	-9.78	-9.72	-9.67	-9.62	-9.57	-9.52	-9.47	-9.42	-9.37	-9.32	-9.26	-9.21	-9.16	-9.11	-9.06	-9.01	-8.96	-8.91	-8.86	-8.81	-8.75	-8.7	-8.65	-8.57	-8.49	-8.41	-8.33	-8.26	-8.18	-8.1	-8.02	-7.94	-7.86	-7.78	-7.7	-7.62	-7.54	-7.46	-7.38	-7.3	-7.22	-7.14	-7.06	-6.98	-6.91	-6.83	-6.75	-6.67	-6.59	-6.51	-6.43	-6.35	-6.27	-6.19	-6.11	-6.03	-5.95	0	0	0	0	0
0	0	0	0	0	-16.89	-16.88	-16.87	-16.86	-16.85	-16.84	-16.83	-16.82	-16.81	-16.8	-16.79	-16.78	-16.77	-16.76	-16.75	-16.74	-16.74	-16.73	-16.72	-16.71	-16.7	-16.69	-16.68	-16.67	-16.66	-16.65	-16.64	-16.63	-16.62	-16.61	-16.6	-16.59	-16.58	-16.57	-16.57	-16.48	-16.39	-16.3	-16.22	-16.13	-16.04	-15.96	-15.87	-15.78	-15.7	-15.61	-15.52	-15.43	-15.35	-15.26	-15.17	-15.09	-15	-14.91	-14.83	-14.74	-14.65	-14.57	-14.52	-14.48	-14.43	-14.39	-14.35	-14.3	-14.26	-14.22	-14.17	-14.13	-14.09	-14.04	-14	-13.96	-13.91	-13.87	-13.83	-13.78	-13.74	-13.7	-13.65	-13.61	-13.57	-13.48	-13.39	-13.3	-13.22	-13.13	-13.04	-12.96	-12.87	-12.78	-12.7	-12.61	-12.52	-12.43	-12.35	-12.26	-12.17	-12.09	-12	-11.91	-11.83	-11.74	-11.65	-11.57	-11.49	-11.41	-11.33	-11.26	-11.18	-11.1	-11.02	-10.95	-10.87	-10.79	-10.71	-10.64	-10.56	-10.48	-10.4	-10.33	-10.25	-10.17	-10.09	-10.02	-9.94	-9.86	-9.78	-9.73	-9.68	-9.62	-9.57	-9.52	-9.47	-9.41	-9.36	-9.31	-9.25	-9.2	-9.15	-9.09	-9.04	-8.99	-8.94	-8.88	-8.83	-8.78	-8.72	-8.67	-8.62	-8.57	-8.49	-8.41	-8.33	-8.26	-8.18	-8.1	-8.02	-7.95	-7.87	-7.79	-7.71	-7.64	-7.56	-7.48	-7.4	-7.33	-7.25	-7.17	-7.09	-7.02	-6.94	-6.86	-6.78	-6.71	-6.63	-6.55	-6.47	-6.4	-6.32	-6.24	-6.16	-6.09	-6.01	-5.93	0	0	0	0	0
0	0	0	0	0	-16.86	-16.85	-16.84	-16.83	-16.82	-16.81	-16.8	-16.78	-16.77	-16.76	-16.75	-16.74	-16.73	-16.72	-16.71	-16.69	-16.68	-16.67	-16.66	-16.65	-16.64	-16.63	-16.61	-16.6	-16.59	-16.58	-16.57	-16.56	-16.55	-16.53	-16.52	-16.51	-16.5	-16.49	-16.48	-16.39	-16.3	-16.22	-16.13	-16.04	-15.96	-15.87	-15.78	-15.7	-15.61	-15.52	-15.43	-15.35	-15.26	-15.17	-15.09	-15	-14.91	-14.83	-14.74	-14.65	-14.57	-14.48	-14.43	-14.39	-14.35	-14.3	-14.26	-14.22	-14.17	-14.13	-14.09	-14.04	-14	-13.96	-13.91	-13.87	-13.83	-13.78	-13.74	-13.7	-13.65	-13.61	-13.57	-13.52	-13.48	-13.39	-13.3	-13.22	-13.13	-13.04	-12.96	-12.87	-12.78	-12.7	-12.61	-12.52	-12.43	-12.35	-12.26	-12.17	-12.09	-12	-11.91	-11.83	-11.74	-11.65	-11.57	-11.48	-11.4	-11.33	-11.25	-11.18	-11.1	-11.02	-10.95	-10.87	-10.8	-10.72	-10.65	-10.57	-10.5	-10.42	-10.34	-10.27	-10.19	-10.12	-10.04	-9.97	-9.89	-9.81	-9.74	-9.68	-9.63	-9.57	-9.52	-9.47	-9.41	-9.36	-9.3	-9.25	-9.19	-9.14	-9.08	-9.03	-8.97	-8.92	-8.86	-8.81	-8.75	-8.7	-8.64	-8.59	-8.53	-8.48	-8.4	-8.33	-8.25	-8.18	-8.1	-8.02	-7.95	-7.87	-7.8	-7.72	-7.65	-7.57	-7.5	-7.42	-7.34	-7.27	-7.19	-7.12	-7.04	-6.97	-6.89	-6.81	-6.74	-6.66	-6.59	-6.51	-6.44	-6.36	-6.29	-6.21	-6.13	-6.06	-5.98	-5.91	0	0	0	0	0
0	0	0	0	0	-16.84	-16.83	-16.81	-16.8	-16.79	-16.78	-16.76	-16.75	-16.74	-16.72	-16.71	-16.7	-16.68	-16.67	-16.66	-16.64	-16.63	-16.62	-16.6	-16.59	-16.58	-16.56	-16.55	-16.54	-16.52	-16.51	-16.5	-16.48	-16.47	-16.46	-16.44	-16.43	-16.42	-16.4	-16.39	-16.3	-16.22	-16.13	-16.04	-15.96	-15.87	-15.78	-15.7	-15.61	-15.52	-15.43	-15.35	-15.26	-15.17	-15.09	-15	-14.91	-14.83	-14.74	-14.65	-14.57	-14.48	-14.39	-14.35	-14.3	-14.26	-14.22	-14.17	-14.13	-14.09	-14.04	-14	-13.96	-13.91	-13.87	-13.83	-13.78	-13.74	-13.7	-13.65	-13.61	-13.57	-13.52	-13.48	-13.43	-13.39	-13.3	-13.22	-13.13	-13.04	-12.96	-12.87	-12.78	-12.7	-12.61	-12.52	-12.43	-12.35	-12.26	-12.17	-12.09	-12	-11.91	-11.83	-11.74	-11.65	-11.57	-11.48	-11.39	-11.32	-11.24	-11.17	-11.1	-11.02	-10.95	-10.88	-10.8	-10.73	-10.65	-10.58	-10.51	-10.43	-10.36	-10.29	-10.21	-10.14	-10.06	-9.99	-9.92	-9.84	-9.77	-9.7	-9.64	-9.58	-9.53	-9.47	-9.41	-9.36	-9.3	-9.24	-9.19	-9.13	-9.07	-9.02	-8.96	-8.9	-8.84	-8.79	-8.73	-8.67	-8.62	-8.56	-8.5	-8.45	-8.39	-8.32	-8.24	-8.17	-8.1	-8.02	-7.95	-7.88	-7.8	-7.73	-7.65	-7.58	-7.51	-7.43	-7.36	-7.29	-7.21	-7.14	-7.06	-6.99	-6.92	-6.84	-6.77	-6.7	-6.62	-6.55	-6.47	-6.4	-6.33	-6.25	-6.18	-6.11	-6.03	-5.96	-5.88	0	0	0	0	0
0	0	0	0	0	-16.82	-16.8	-16.79	-16.77	-16.76	-16.74	-16.73	-16.71	-16.7	-16.68	-16.67	-16.65	-16.64	-16.62	-16.61	-16.59	-16.58	-16.56	-16.55	-16.53	-16.52	-16.5	-16.49	-16.47	-16.46	-16.44	-16.43	-16.41	-16.4	-16.38	-16.36	-16.35	-16.33	-16.32	-16.3	-16.22	-16.13	-16.04	-15.96	-15.87	-15.78	-15.7	-15.61	-15.52	-15.43	-15.35	-15.26	-15.17	-15.09	-15	-14.91	-14.83	-14.74	-14.65	-14.57	-14.48	-14.39	-14.3	-14.26	-14.22	-14.17	-14.13	-14.09	-14.04	-14	-13.96	-13.91	-13.87	-13.83	-13.78	-13.74	-13.7	-13.65	-13.61	-13.57	-13.52	-13.48	-13.43	-13.39	-13.35	-13.3	-13.22	-13.13	-13.04	-12.96	-12.87	-12.78	-12.7	-12.61	-12.52	-12.43	-12.35	-12.26	-12.17	-12.09	-12	-11.91	-11.83	-11.74	-11.65	-11.57	-11.48	-11.39	-11.3	-11.23	-11.16	-11.09	-11.02	-10.95	-10.87	-10.8	-10.73	-10.66	-10.59	-10.51	-10.44	-10.37	-10.3	-10.23	-10.16	-10.08	-10.01	-9.94	-9.87	-9.8	-9.72	-9.65	-9.59	-9.53	-9.48	-9.42	-9.36	-9.3	-9.24	-9.18	-9.12	-9.07	-9.01	-8.95	-8.89	-8.83	-8.77	-8.71	-8.66	-8.6	-8.54	-8.48	-8.42	-8.36	-8.3	-8.23	-8.16	-8.09	-8.02	-7.95	-7.87	-7.8	-7.73	-7.66	-7.59	-7.51	-7.44	-7.37	-7.3	-7.23	-7.16	-7.08	-7.01	-6.94	-6.87	-6.8	-6.72	-6.65	-6.58	-6.51	-6.44	-6.36	-6.29	-6.22	-6.15	-6.08	-6.01	-5.93	-5.86	0	0	0	0	0
0	0	0	0	0	-16.8	-16.78	-16.76	-16.74	-16.73	-16.71	-16.69	-16.68	-16.66	-16.64	-16.63	-16.61	-16.59	-16.57	-16.56	-16.54	-16.52	-16.51	-16.49	-16.47	-16.46	-16.44	-16.42	-16.4	-16.39	-16.37	-16.35	-16.34	-16.32	-16.3	-16.29	-16.27	-16.25	-16.23	-16.22	-16.13	-16.04	-15.96	-15.87	-15.78	-15.7	-15.61	-15.52	-15.43	-15.35	-15.26	-15.17	-15.09	-15	-14.91	-14.83	-14.74	-14.65	-14.57	-14.48	-14.39	-14.3	-14.22	-14.17	-14.13	-14.09	-14.04	-14	-13.96	-13.91	-13.87	-13.83	-13.78	-13.74	-13.7	-13.65	-13.61	-13.57	-13.52	-13.48	-13.43	-13.39	-13.35	-13.3	-13.26	-13.22	-13.13	-13.04	-12.96	-12.87	-12.78	-12.7	-12.61	-12.52	-12.43	-12.35	-12.26	-12.17	-12.09	-12	-11.91	-11.83	-11.74	-11.65	-11.57	-11.48	-11.39	-11.3	-11.22	-11.15	-11.08	-11.01	-10.94	-10.87	-10.8	-10.73	-10.66	-10.59	-10.52	-10.45	-10.38	-10.31	-10.24	-10.17	-10.1	-10.03	-9.96	-9.89	-9.82	-9.75	-9.68	-9.61	-9.55	-9.49	-9.43	-9.37	-9.31	-9.25	-9.19	-9.12	-9.06	-9	-8.94	-8.88	-8.82	-8.76	-8.7	-8.64	-8.58	-8.52	-8.46	-8.4	-8.34	-8.28	-8.22	-8.15	-8.08	-8.01	-7.94	-7.87	-7.8	-7.73	-7.66	-7.59	-7.52	-7.45	-7.38	-7.31	-7.24	-7.17	-7.1	-7.03	-6.96	-6.89	-6.82	-6.75	-6.68	-6.61	-6.54	-6.47	-6.4	-6.33	-6.26	-6.19	-6.12	-6.05	-5.98	-5.91	-5.84	0	0	0	0	0
0	0	0	0	0	-16.77	-16.75	-16.74	-16.72	-16.7	-16.68	-16.66	-16.64	-16.62	-16.6	-16.58	-16.57	-16.55	-16.53	-16.51	-16.49	-16.47	-16.45	-16.43	-16.41	-16.4	-16.38	-16.36	-16.34	-16.32	-16.3	-16.28	-16.26	-16.24	-16.22	-16.21	-16.19	-16.17	-16.15	-16.13	-16.04	-15.96	-15.87	-15.78	-15.7	-15.61	-15.52	-15.43	-15.35	-15.26	-15.17	-15.09	-15	-14.91	-14.83	-14.74	-14.65	-14.57	-14.48	-14.39	-14.3	-14.22	-14.13	-14.09	-14.04	-14	-13.96	-13.91	-13.87	-13.83	-13.78	-13.74	-13.7	-13.65	-13.61	-13.57	-13.52	-13.48	-13.43	-13.39	-13.35	-13.3	-13.26	-13.22	-13.17	-13.13	-13.04	-12.96	-12.87	-12.78	-12.7	-12.61	-12.52	-12.43	-12.35	-12.26	-12.17	-12.09	-12	-11.91	-11.83	-11.74	-11.65	-11.57	-11.48	-11.39	-11.3	-11.22	-11.13	-11.06	-10.99	-10.93	-10.86	-10.79	-10.72	-10.65	-10.59	-10.52	-10.45	-10.38	-10.31	-10.25	-10.18	-10.11	-10.04	-9.97	-9.91	-9.84	-9.77	-9.7	-9.63	-9.57	-9.5	-9.44	-9.38	-9.32	-9.25	-9.19	-9.13	-9.07	-9	-8.94	-8.88	-8.82	-8.75	-8.69	-8.63	-8.57	-8.5	-8.44	-8.38	-8.32	-8.26	-8.19	-8.13	-8.06	-7.99	-7.93	-7.86	-7.79	-7.72	-7.65	-7.59	-7.52	-7.45	-7.38	-7.31	-7.25	-7.18	-7.11	-7.04	-6.97	-6.91	-6.84	-6.77	-6.7	-6.63	-6.57	-6.5	-6.43	-6.36	-6.29	-6.22	-6.16	-6.09	-6.02	-5.95	-5.88	-5.82	0	0	0	0	0
0	0	0	0	0	-16.75	-16.73	-16.71	-16.69	-16.67	-16.65	-16.63	-16.6	-16.58	-16.56	-16.54	-16.52	-16.5	-16.48	-16.46	-16.44	-16.42	-16.4	-16.38	-16.36	-16.33	-16.31	-16.29	-16.27	-16.25	-16.23	-16.21	-16.19	-16.17	-16.15	-16.13	-16.11	-16.09	-16.06	-16.04	-15.96	-15.87	-15.78	-15.7	-15.61	-15.52	-15.43	-15.35	-15.26	-15.17	-15.09	-15	-14.91	-14.83	-14.74	-14.65	-14.57	-14.48	-14.39	-14.3	-14.22	-14.13	-14.04	-14	-13.96	-13.91	-13.87	-13.83	-13.78	-13.74	-13.7	-13.65	-13.61	-13.57	-13.52	-13.48	-13.43	-13.39	-13.35	-13.3	-13.26	-13.22	-13.17	-13.13	-13.09	-13.04	-12.96	-12.87	-12.78	-12.7	-12.61	-12.52	-12.43	-12.35	-12.26	-12.17	-12.09	-12	-11.91	-11.83	-11.74	-11.65	-11.57	-11.48	-11.39	-11.3	-11.22	-11.13	-11.04	-10.98	-10.91	-10.84	-10.78	-10.71	-10.65	-10.58	-10.51	-10.45	-10.38	-10.32	-10.25	-10.18	-10.12	-10.05	-9.98	-9.92	-9.85	-9.79	-9.72	-9.65	-9.59	-9.52	-9.46	-9.39	-9.33	-9.26	-9.2	-9.14	-9.07	-9.01	-8.94	-8.88	-8.81	-8.75	-8.69	-8.62	-8.56	-8.49	-8.43	-8.36	-8.3	-8.24	-8.17	-8.11	-8.04	-7.98	-7.91	-7.84	-7.78	-7.71	-7.65	-7.58	-7.51	-7.45	-7.38	-7.32	-7.25	-7.18	-7.12	-7.05	-6.98	-6.92	-6.85	-6.79	-6.72	-6.65	-6.59	-6.52	-6.46	-6.39	-6.32	-6.26	-6.19	-6.12	-6.06	-5.99	-5.93	-5.86	-5.79	0	0	0	0	0
0	0	0	0	0	-16.73	-16.71	-16.68	-16.66	-16.64	-16.61	-16.59	-16.57	-16.55	-16.52	-16.5	-16.48	-16.46	-16.43	-16.41	-16.39	-16.36	-16.34	-16.32	-16.3	-16.27	-16.25	-16.23	-16.21	-16.18	-16.16	-16.14	-16.12	-16.09	-16.07	-16.05	-16.02	-16	-15.98	-15.96	-15.87	-15.78	-15.7	-15.61	-15.52	-15.43	-15.35	-15.26	-15.17	-15.09	-15	-14.91	-14.83	-14.74	-14.65	-14.57	-14.48	-14.39	-14.3	-14.22	-14.13	-14.04	-13.96	-13.91	-13.87	-13.83	-13.78	-13.74	-13.7	-13.65	-13.61	-13.57	-13.52	-13.48	-13.43	-13.39	-13.35	-13.3	-13.26	-13.22	-13.17	-13.13	-13.09	-13.04	-13	-12.96	-12.87	-12.78	-12.7	-12.61	-12.52	-12.43	-12.35	-12.26	-12.17	-12.09	-12	-11.91	-11.83	-11.74	-11.65	-11.57	-11.48	-11.39	-11.3	-11.22	-11.13	-11.04	-10.96	-10.89	-10.83	-10.76	-10.7	-10.64	-10.57	-10.51	-10.44	-10.38	-10.31	-10.25	-10.19	-10.12	-10.06	-9.99	-9.93	-9.86	-9.8	-9.74	-9.67	-9.61	-9.54	-9.48	-9.41	-9.35	-9.28	-9.21	-9.15	-9.08	-9.02	-8.95	-8.88	-8.82	-8.75	-8.68	-8.62	-8.55	-8.49	-8.42	-8.35	-8.29	-8.22	-8.16	-8.09	-8.02	-7.96	-7.89	-7.83	-7.76	-7.7	-7.64	-7.57	-7.51	-7.44	-7.38	-7.31	-7.25	-7.19	-7.12	-7.06	-6.99	-6.93	-6.86	-6.8	-6.74	-6.67	-6.61	-6.54	-6.48	-6.41	-6.35	-6.29	-6.22	-6.16	-6.09	-6.03	-5.96	-5.9	-5.84	-5.77	0	0	0	0	0
0	0	0	0	0	-16.71	-16.68	-16.66	-16.63	-16.61	-16.58	-16.56	-16.53	-16.51	-16.48	-16.46	-16.43	-16.41	-16.39	-16.36	-16.34	-16.31	-16.29	-16.26	-16.24	-16.21	-16.19	-16.16	-16.14	-16.12	-16.09	-16.07	-16.04	-16.02	-15.99	-15.97	-15.94	-15.92	-15.89	-15.87	-15.78	-15.7	-15.61	-15.52	-15.43	-15.35	-15.26	-15.17	-15.09	-15	-14.91	-14.83	-14.74	-14.65	-14.57	-14.48	-14.39	-14.3	-14.22	-14.13	-14.04	-13.96	-13.87	-13.83	-13.78	-13.74	-13.7	-13.65	-13.61	-13.57	-13.52	-13.48	-13.43	-13.39	-13.35	-13.3	-13.26	-13.22	-13.17	-13.13	-13.09	-13.04	-13	-12.96	-12.91	-12.87	-12.78	-12.7	-12.61	-12.52	-12.43	-12.35	-12.26	-12.17	-12.09	-12	-11.91	-11.83	-11.74	-11.65	-11.57	-11.48	-11.39	-11.3	-11.22	-11.13	-11.04	-10.96	-10.87	-10.81	-10.74	-10.68	-10.62	-10.56	-10.5	-10.43	-10.37	-10.31	-10.25	-10.18	-10.12	-10.06	-10	-9.93	-9.87	-9.81	-9.75	-9.68	-9.62	-9.56	-9.5	-9.43	-9.37	-9.3	-9.23	-9.16	-9.09	-9.03	-8.96	-8.89	-8.82	-8.75	-8.69	-8.62	-8.55	-8.48	-8.41	-8.35	-8.28	-8.21	-8.14	-8.07	-8.01	-7.94	-7.87	-7.81	-7.74	-7.68	-7.62	-7.56	-7.5	-7.43	-7.37	-7.31	-7.25	-7.18	-7.12	-7.06	-7	-6.93	-6.87	-6.81	-6.75	-6.68	-6.62	-6.56	-6.5	-6.43	-6.37	-6.31	-6.25	-6.19	-6.12	-6.06	-6	-5.94	-5.87	-5.81	-5.75	0	0	0	0	0
0	0	0	0	0	-16.68	-16.66	-16.63	-16.6	-16.58	-16.55	-16.52	-16.5	-16.47	-16.44	-16.42	-16.39	-16.36	-16.34	-16.31	-16.29	-16.26	-16.23	-16.21	-16.18	-16.15	-16.13	-16.1	-16.07	-16.05	-16.02	-15.99	-15.97	-15.94	-15.91	-15.89	-15.86	-15.84	-15.81	-15.78	-15.7	-15.61	-15.52	-15.43	-15.35	-15.26	-15.17	-15.09	-15	-14.91	-14.83	-14.74	-14.65	-14.57	-14.48	-14.39	-14.3	-14.22	-14.13	-14.04	-13.96	-13.87	-13.78	-13.74	-13.7	-13.65	-13.61	-13.57	-13.52	-13.48	-13.43	-13.39	-13.35	-13.3	-13.26	-13.22	-13.17	-13.13	-13.09	-13.04	-13	-12.96	-12.91	-12.87	-12.83	-12.78	-12.7	-12.61	-12.52	-12.43	-12.35	-12.26	-12.17	-12.09	-12	-11.91	-11.83	-11.74	-11.65	-11.57	-11.48	-11.39	-11.3	-11.22	-11.13	-11.04	-10.96	-10.87	-10.78	-10.72	-10.66	-10.6	-10.54	-10.48	-10.42	-10.36	-10.3	-10.24	-10.18	-10.12	-10.06	-10	-9.94	-9.88	-9.81	-9.75	-9.69	-9.63	-9.57	-9.51	-9.45	-9.39	-9.32	-9.25	-9.18	-9.11	-9.04	-8.97	-8.9	-8.83	-8.76	-8.69	-8.62	-8.55	-8.48	-8.41	-8.34	-8.27	-8.2	-8.13	-8.06	-7.99	-7.92	-7.85	-7.78	-7.72	-7.66	-7.6	-7.54	-7.48	-7.42	-7.36	-7.3	-7.24	-7.18	-7.12	-7.06	-7	-6.94	-6.88	-6.81	-6.75	-6.69	-6.63	-6.57	-6.51	-6.45	-6.39	-6.33	-6.27	-6.21	-6.15	-6.09	-6.03	-5.97	-5.91	-5.85	-5.79	-5.73	0	0	0	0	0
0	0	0	0	0	-16.66	-16.63	-16.6	-16.57	-16.55	-16.52	-16.49	-16.46	-16.43	-16.4	-16.38	-16.35	-16.32	-16.29	-16.26	-16.23	-16.21	-16.18	-16.15	-16.12	-16.09	-16.06	-16.04	-16.01	-15.98	-15.95	-15.92	-15.89	-15.87	-15.84	-15.81	-15.78	-15.75	-15.72	-15.7	-15.61	-15.52	-15.43	-15.35	-15.26	-15.17	-15.09	-15	-14.91	-14.83	-14.74	-14.65	-14.57	-14.48	-14.39	-14.3	-14.22	-14.13	-14.04	-13.96	-13.87	-13.78	-13.7	-13.65	-13.61	-13.57	-13.52	-13.48	-13.43	-13.39	-13.35	-13.3	-13.26	-13.22	-13.17	-13.13	-13.09	-13.04	-13	-12.96	-12.91	-12.87	-12.83	-12.78	-12.74	-12.7	-12.61	-12.52	-12.43	-12.35	-12.26	-12.17	-12.09	-12	-11.91	-11.83	-11.74	-11.65	-11.57	-11.48	-11.39	-11.3	-11.22	-11.13	-11.04	-10.96	-10.87	-10.78	-10.7	-10.64	-10.58	-10.52	-10.46	-10.4	-10.34	-10.29	-10.23	-10.17	-10.11	-10.05	-9.99	-9.93	-9.88	-9.82	-9.76	-9.7	-9.64	-9.58	-9.52	-9.47	-9.41	-9.35	-9.28	-9.2	-9.13	-9.06	-8.99	-8.92	-8.84	-8.77	-8.7	-8.63	-8.56	-8.49	-8.41	-8.34	-8.27	-8.2	-8.13	-8.05	-7.98	-7.91	-7.84	-7.77	-7.7	-7.64	-7.58	-7.52	-7.46	-7.4	-7.34	-7.29	-7.23	-7.17	-7.11	-7.05	-6.99	-6.93	-6.88	-6.82	-6.76	-6.7	-6.64	-6.58	-6.52	-6.47	-6.41	-6.35	-6.29	-6.23	-6.17	-6.11	-6.05	-6	-5.94	-5.88	-5.82	-5.76	-5.7	0	0	0	0	0
0	0	0	0	0	-16.64	-16.61	-16.58	-16.55	-16.52	-16.49	-16.46	-16.43	-16.4	-16.36	-16.33	-16.3	-16.27	-16.24	-16.21	-16.18	-16.15	-16.12	-16.09	-16.06	-16.03	-16	-15.97	-15.94	-15.91	-15.88	-15.85	-15.82	-15.79	-15.76	-15.73	-15.7	-15.67	-15.64	-15.61	-15.52	-15.43	-15.35	-15.26	-15.17	-15.09	-15	-14.91	-14.83	-14.74	-14.65	-14.57	-14.48	-14.39	-14.3	-14.22	-14.13	-14.04	-13.96	-13.87	-13.78	-13.7	-13.61	-13.57	-13.52	-13.48	-13.43	-13.39	-13.35	-13.3	-13.26	-13.22	-13.17	-13.13	-13.09	-13.04	-13	-12.96	-12.91	-12.87	-12.83	-12.78	-12.74	-12.7	-12.65	-12.61	-12.52	-12.43	-12.35	-12.26	-12.17	-12.09	-12	-11.91	-11.83	-11.74	-11.65	-11.57	-11.48	-11.39	-11.3	-11.22	-11.13	-11.04	-10.96	-10.87	-10.78	-10.7	-10.61	-10.55	-10.5	-10.44	-10.38	-10.33	-10.27	-10.21	-10.16	-10.1	-10.04	-9.98	-9.93	-9.87	-9.81	-9.76	-9.7	-9.64	-9.59	-9.53	-9.47	-9.42	-9.36	-9.3	-9.23	-9.16	-9.08	-9.01	-8.94	-8.86	-8.79	-8.71	-8.64	-8.57	-8.49	-8.42	-8.35	-8.27	-8.2	-8.12	-8.05	-7.98	-7.9	-7.83	-7.76	-7.68	-7.61	-7.55	-7.5	-7.44	-7.38	-7.33	-7.27	-7.21	-7.16	-7.1	-7.04	-6.98	-6.93	-6.87	-6.81	-6.76	-6.7	-6.64	-6.59	-6.53	-6.47	-6.42	-6.36	-6.3	-6.25	-6.19	-6.13	-6.08	-6.02	-5.96	-5.91	-5.85	-5.79	-5.74	-5.68	0	0	0	0	0
0	0	0	0	0	-16.61	-16.58	-16.55	-16.52	-16.49	-16.45	-16.42	-16.39	-16.36	-16.33	-16.29	-16.26	-16.23	-16.2	-16.16	-16.13	-16.1	-16.07	-16.04	-16	-15.97	-15.94	-15.91	-15.88	-15.84	-15.81	-15.78	-15.75	-15.71	-15.68	-15.65	-15.62	-15.59	-15.55	-15.52	-15.43	-15.35	-15.26	-15.17	-15.09	-15	-14.91	-14.83	-14.74	-14.65	-14.57	-14.48	-14.39	-14.3	-14.22	-14.13	-14.04	-13.96	-13.87	-13.78	-13.7	-13.61	-13.52	-13.48	-13.43	-13.39	-13.35	-13.3	-13.26	-13.22	-13.17	-13.13	-13.09	-13.04	-13	-12.96	-12.91	-12.87	-12.83	-12.78	-12.74	-12.7	-12.65	-12.61	-12.57	-12.52	-12.43	-12.35	-12.26	-12.17	-12.09	-12	-11.91	-11.83	-11.74	-11.65	-11.57	-11.48	-11.39	-11.3	-11.22	-11.13	-11.04	-10.96	-10.87	-10.78	-10.7	-10.61	-10.52	-10.47	-10.41	-10.36	-10.3	-10.25	-10.19	-10.14	-10.08	-10.03	-9.97	-9.92	-9.86	-9.81	-9.75	-9.7	-9.64	-9.59	-9.53	-9.48	-9.43	-9.37	-9.32	-9.26	-9.19	-9.11	-9.03	-8.96	-8.88	-8.81	-8.73	-8.66	-8.58	-8.5	-8.43	-8.35	-8.28	-8.2	-8.13	-8.05	-7.98	-7.9	-7.82	-7.75	-7.67	-7.6	-7.52	-7.47	-7.41	-7.36	-7.3	-7.25	-7.19	-7.14	-7.08	-7.03	-6.97	-6.92	-6.86	-6.81	-6.75	-6.7	-6.64	-6.59	-6.53	-6.48	-6.43	-6.37	-6.32	-6.26	-6.21	-6.15	-6.1	-6.04	-5.99	-5.93	-5.88	-5.82	-5.77	-5.71	-5.66	0	0	0	0	0
0	0	0	0	0	-16.59	-16.56	-16.52	-16.49	-16.46	-16.42	-16.39	-16.35	-16.32	-16.29	-16.25	-16.22	-16.18	-16.15	-16.12	-16.08	-16.05	-16.01	-15.98	-15.95	-15.91	-15.88	-15.84	-15.81	-15.78	-15.74	-15.71	-15.67	-15.64	-15.6	-15.57	-15.54	-15.5	-15.47	-15.43	-15.35	-15.26	-15.17	-15.09	-15	-14.91	-14.83	-14.74	-14.65	-14.57	-14.48	-14.39	-14.3	-14.22	-14.13	-14.04	-13.96	-13.87	-13.78	-13.7	-13.61	-13.52	-13.43	-13.39	-13.35	-13.3	-13.26	-13.22	-13.17	-13.13	-13.09	-13.04	-13	-12.96	-12.91	-12.87	-12.83	-12.78	-12.74	-12.7	-12.65	-12.61	-12.57	-12.52	-12.48	-12.43	-12.35	-12.26	-12.17	-12.09	-12	-11.91	-11.83	-11.74	-11.65	-11.57	-11.48	-11.39	-11.3	-11.22	-11.13	-11.04	-10.96	-10.87	-10.78	-10.7	-10.61	-10.52	-10.43	-10.38	-10.33	-10.28	-10.22	-10.17	-10.12	-10.06	-10.01	-9.96	-9.91	-9.85	-9.8	-9.75	-9.69	-9.64	-9.59	-9.53	-9.48	-9.43	-9.38	-9.32	-9.27	-9.22	-9.14	-9.06	-8.98	-8.91	-8.83	-8.75	-8.67	-8.6	-8.52	-8.44	-8.36	-8.29	-8.21	-8.13	-8.05	-7.98	-7.9	-7.82	-7.74	-7.67	-7.59	-7.51	-7.43	-7.38	-7.33	-7.28	-7.22	-7.17	-7.12	-7.06	-7.01	-6.96	-6.91	-6.85	-6.8	-6.75	-6.69	-6.64	-6.59	-6.53	-6.48	-6.43	-6.38	-6.32	-6.27	-6.22	-6.16	-6.11	-6.06	-6.01	-5.95	-5.9	-5.85	-5.79	-5.74	-5.69	-5.64	0	0	0	0	0
0	0	0	0	0	-16.57	-16.53	-16.5	-16.46	-16.43	-16.39	-16.35	-16.32	-16.28	-16.25	-16.21	-16.17	-16.14	-16.1	-16.07	-16.03	-15.99	-15.96	-15.92	-15.89	-15.85	-15.81	-15.78	-15.74	-15.71	-15.67	-15.64	-15.6	-15.56	-15.53	-15.49	-15.46	-15.42	-15.38	-15.35	-15.26	-15.17	-15.09	-15	-14.91	-14.83	-14.74	-14.65	-14.57	-14.48	-14.39	-14.3	-14.22	-14.13	-14.04	-13.96	-13.87	-13.78	-13.7	-13.61	-13.52	-13.43	-13.35	-13.3	-13.26	-13.22	-13.17	-13.13	-13.09	-13.04	-13	-12.96	-12.91	-12.87	-12.83	-12.78	-12.74	-12.7	-12.65	-12.61	-12.57	-12.52	-12.48	-12.43	-12.39	-12.35	-12.26	-12.17	-12.09	-12	-11.91	-11.83	-11.74	-11.65	-11.57	-11.48	-11.39	-11.3	-11.22	-11.13	-11.04	-10.96	-10.87	-10.78	-10.7	-10.61	-10.52	-10.43	-10.35	-10.3	-10.25	-10.19	-10.14	-10.09	-10.04	-9.99	-9.94	-9.89	-9.84	-9.79	-9.74	-9.68	-9.63	-9.58	-9.53	-9.48	-9.43	-9.38	-9.33	-9.28	-9.22	-9.17	-9.09	-9.02	-8.94	-8.86	-8.78	-8.7	-8.62	-8.54	-8.46	-8.38	-8.3	-8.22	-8.14	-8.06	-7.98	-7.9	-7.82	-7.74	-7.67	-7.59	-7.51	-7.43	-7.35	-7.3	-7.25	-7.19	-7.14	-7.09	-7.04	-6.99	-6.94	-6.89	-6.84	-6.79	-6.74	-6.68	-6.63	-6.58	-6.53	-6.48	-6.43	-6.38	-6.33	-6.28	-6.22	-6.17	-6.12	-6.07	-6.02	-5.97	-5.92	-5.87	-5.82	-5.77	-5.71	-5.66	-5.61	0	0	0	0	0
