0	0	0	0	0	0	0	0	0	0	0	0	0	0	0	0	0	0	0	0	0	0	0	0	0	0	0	0	0	0	0	0	0	0	0	0	0	0	0	0	0	0	0	0	0	0	0	0	0	0	0	0	0	0	0	0	0	0	0	0	0	0	0	0	0	0	0	0	0	0	0	0	0	0	0	0	0	0	0	0	0	0	0	0	0	0	0	0	0	0	0	0	0	0	0	0	0	0	0	0	0	0	0	0	0	0	0	0	0	0	0	0	0	0	0	0	0	0	0	0	0	0	0	0	0	0	0	0	0	0	0	0	0	0	0	0	0	0	0	0	0	0	0	0	0	0	0	0	0	0	0	0	0	0	0	0	0	0	0	0	0	0	0	0	0	0	0	0	0	0	0	0	0	0	0	0	0	0	0	0	0	0	0	0	0	0	0	0	0	0	0	0	0	0
0	0	0	0	0	0	0	0	0	0	0	0	0	0	0	0	0	0	0	0	0	0	0	0	0	0	0	0	0	0	0	0	0	0	0	0	0	0	0	0	0	0	0	0	0	0	0	0	0	0	0	0	0	0	0	0	0	0	0	0	0	0	0	0	0	0	0	0	0	0	0	0	0	0	0	0	0	0	0	0	0	0	0	0	0	0	0	0	0	0	0	0	0	0	0	0	0	0	0	0	0	0	0	0	0	0	0	0	0	0	0	0	0	0	0	0	0	0	0	0	0	0	0	0	0	0	0	0	0	0	0	0	0	0	0	0	0	0	0	0	0	0	0	0	0	0	0	0	0	0	0	0	0	0	0	0	0	0	0	0	0	0	0	0	0	0	0	0	0	0	0	0	0	0	0	0	0	0	0	0	0	0	0	0	0	0	0	0	0	0	0	0	0	0
0	0	0	0	0	0	0	0	0	0	0	0	0	0	0	0	0	0	0	0	0	0	0	0	0	0	0	0	0	0	0	0	0	0	0	0	0	0	0	0	0	0	0	0	0	0	0	0	0	0	0	0	0	0	0	0	0	0	0	0	0	0	0	0	0	0	0	0	0	0	0	0	0	0	0	0	0	0	0	0	0	0	0	0	0	0	0	0	0	0	0	0	0	0	0	0	0	0	0	0	0	0	0	0	0	0	0	0	0	0	0	0	0	0	0	0	0	0	0	0	0	0	0	0	0	0	0	0	0	0	0	0	0	0	0	0	0	0	0	0	0	0	0	0	0	0	0	0	0	0	0	0	0	0	0	0	0	0	0	0	0	0	0	0	0	0	0	0	0	0	0	0	0	0	0	0	0	0	0	0	0	0	0	0	0	0	0	0	0	0	0	0	0	0
0	0	0	0	0	0	0	0	0	0	0	0	0	0	0	0	0	0	0	0	0	0	0	0	0	0	0	0	0	0	0	0	0	0	0	0	0	0	0	0	0	0	0	0	0	0	0	0	0	0	0	0	0	0	0	0	0	0	0	0	0	0	0	0	0	0	0	0	0	0	0	0	0	0	0	0	0	0	0	0	0	0	0	0	0	0	0	0	0	0	0	0	0	0	0	0	0	0	0	0	0	0	0	0	0	0	0	0	0	0	0	0	0	0	0	0	0	0	0	0	0	0	0	0	0	0	0	0	0	0	0	0	0	0	0	0	0	0	0	0	0	0	0	0	0	0	0	0	0	0	0	0	0	0	0	0	0	0	0	0	0	0	0	0	0	0	0	0	0	0	0	0	0	0	0	0	0	0	0	0	0	0	0	0	0	0	0	0	0	0	0	0	0	0
0	0	0	0	0	0	0	0	0	0	0	0	0	0	0	0	0	0	0	0	0	0	0	0	0	0	0	0	0	0	0	0	0	0	0	0	0	0	0	0	0	0	0	0	0	0	0	0	0	0	0	0	0	0	0	0	0	0	0	0	0	0	0	0	0	0	0	0	0	0	0	0	0	0	0	0	0	0	0	0	0	0	0	0	0	0	0	0	0	0	0	0	0	0	0	0	0	0	0	0	0	0	0	0	0	0	0	0	0	0	0	0	0	0	0	0	0	0	0	0	0	0	0	0	0	0	0	0	0	0	0	0	0	0	0	0	0	0	0	0	0	0	0	0	0	0	0	0	0	0	0	0	0	0	0	0	0	0	0	0	0	0	0	0	0	0	0	0	0	0	0	0	0	0	0	0	0	0	0	0	0	0	0	0	0	0	0	0	0	0	0	0	0	0
0	0	0	0	0	-10.73	-10.71	-10.68	-10.66	-10.64	-10.61	-10.59	-10.57	-10.55	-10.52	-10.5	-10.48	-10.46	-10.43	-10.41	-10.39	-10.36	-10.34	-10.32	-10.3	-10.27	-10.25	-10.23	-10.21	-10.18	-10.16	-10.14	-10.12	-10.09	-10.07	-10.05	-10.02	-10	-9.98	-9.96	-9.87	-9.78	-9.7	-9.61	-9.52	-9.43	-9.35	-9.26	-9.17	-9.09	-9	-8.91	-8.83	-8.74	-8.65	-8.57	-8.48	-8.39	-8.3	-8.22	-8.13	-8.04	-7.96	-7.85	-7.74	-7.63	-7.53	-7.42	-7.31	-7.2	-7.09	-6.99	-6.88	-6.77	-6.66	-6.56	-6.45	-6.34	-6.23	-6.12	-6.02	-5.91	-5.8	-5.69	-5.59	-5.48	-5.43	-5.39	-5.35	-5.3	-5.26	-5.22	-5.17	-5.13	-5.09	-5.04	-5	-4.96	-4.91	-4.87	-4.83	-4.78	-4.74	-4.7	-4.65	-4.61	-4.57	-4.52	-4.48	-4.33	-4.18	-4.03	-3.88	-3.73	-3.58	-3.43	-3.28	-3.13	-2.98	-2.84	-2.69	-2.54	-2.39	-2.24	-2.09	-1.94	-1.79	-1.64	-1.49	-1.34	-1.19	-1.04	-1.02	-1	-0.98	-0.95	-0.93	-0.91	-0.88	-0.86	-0.84	-0.82	-0.79	-0.77	-0.75	-0.73	-0.7	-0.68	-0.66	-0.64	-0.61	-0.59	-0.57	-0.54	-0.52	-0.46	-0.39	-0.33	-0.26	-0.2	-0.14	-0.07	-0.01	0	0	0	0	0	0	0	0	0	0	0	0	0	0	0	0	0	0	0	0	0	0	0	0	0	0	0	0	0	0	0
0	0	0	0	0	-10.71	-10.68	-10.66	-10.63	-10.61	-10.58	-10.56	-10.53	-10.51	-10.48	-10.46	-10.43	-10.41	-10.39	-10.36	-10.34	-10.31	-10.29	-10.26	-10.24	-10.21	-10.19	-10.16	-10.14	-10.12	-10.09	-10.07	-10.04	-10.02	-9.99	-9.97	-9.94	-9.92	-9.89	-9.87	-9.78	-9.7	-9.61	-9.52	-9.43	-9.35	-9.26	-9.17	-9.09	-9	-8.91	-8.83	-8.74	-8.65	-8.57	-8.48	-8.39	-8.3	-8.22	-8.13	-8.04	-7.96	-7.87	-7.76	-7.66	-7.55	-7.45	-7.34	-7.23	-7.13	-7.02	-6.92	-6.81	-6.71	-6.6	-6.49	-6.39	-6.28	-6.18	-6.07	-5.96	-5.86	-5.75	-5.65	-5.54	-5.43	-5.39	-5.35	-5.3	-5.26	-5.22	-5.17	-5.13	-5.09	-5.04	-5	-4.96	-4.91	-4.87	-4.83	-4.78	-4.74	-4.7	-4.65	-4.61	-4.57	-4.52	-4.48	-4.43	-4.29	-4.15	-4	-3.86	-3.72	-3.57	-3.43	-3.29	-3.14	-3	-2.85	-2.71	-2.57	-2.42	-2.28	-2.14	-1.99	-1.85	-1.71	-1.56	-1.42	-1.27	-1.13	-1.11	-1.08	-1.06	-1.03	-1.01	-0.98	-0.96	-0.93	-0.91	-0.88	-0.86	-0.84	-0.81	-0.79	-0.76	-0.74	-0.71	-0.69	-0.66	-0.64	-0.61	-0.59	-0.57	-0.5	-0.44	-0.38	-0.32	-0.25	-0.19	-0.13	-0.07	0	0	0	0	0	0	0	0	0	0	0	0	0	0	0	0	0	0	0	0	0	0	0	0	0	0	0	0	0	0	0
0	0	0	0	0	-10.68	-10.66	-10.63	-10.6	-10.58	-10.55	-10.52	-10.5	-10.47	-10.44	-10.42	-10.39	-10.36	-10.34	-10.31	-10.29	-10.26	-10.23	-10.21	-10.18	-10.15	-10.13	-10.1	-10.07	-10.05	-10.02	-9.99	-9.97	-9.94	-9.91	-9.89	-9.86	-9.84	-9.81	-9.78	-9.7	-9.61	-9.52	-9.43	-9.35	-9.26	-9.17	-9.09	-9	-8.91	-8.83	-8.74	-8.65	-8.57	-8.48	-8.39	-8.3	-8.22	-8.13	-8.04	-7.96	-7.87	-7.78	-7.68	-7.57	-7.47	-7.37	-7.26	-7.16	-7.05	-6.95	-6.85	-6.74	-6.64	-6.53	-6.43	-6.33	-6.22	-6.12	-6.02	-5.91	-5.81	-5.7	-5.6	-5.5	-5.39	-5.35	-5.3	-5.26	-5.22	-5.17	-5.13	-5.09	-5.04	-5	-4.96	-4.91	-4.87	-4.83	-4.78	-4.74	-4.7	-4.65	-4.61	-4.57	-4.52	-4.48	-4.43	-4.39	-4.25	-4.12	-3.98	-3.84	-3.7	-3.56	-3.43	-3.29	-3.15	-3.01	-2.87	-2.74	-2.6	-2.46	-2.32	-2.18	-2.05	-1.91	-1.77	-1.63	-1.49	-1.36	-1.22	-1.19	-1.16	-1.14	-1.11	-1.09	-1.06	-1.03	-1.01	-0.98	-0.95	-0.93	-0.9	-0.87	-0.85	-0.82	-0.79	-0.77	-0.74	-0.71	-0.69	-0.66	-0.64	-0.61	-0.55	-0.49	-0.43	-0.37	-0.31	-0.25	-0.19	-0.12	-0.06	0	0	0	0	0	0	0	0	0	0	0	0	0	0	0	0	0	0	0	0	0	0	0	0	0	0	0	0	0	0
0	0	0	0	0	-10.66	-10.63	-10.6	-10.57	-10.55	-10.52	-10.49	-10.46	-10.43	-10.4	-10.38	-10.35	-10.32	-10.29	-10.26	-10.23	-10.21	-10.18	-10.15	-10.12	-10.09	-10.06	-10.04	-10.01	-9.98	-9.95	-9.92	-9.89	-9.87	-9.84	-9.81	-9.78	-9.75	-9.72	-9.7	-9.61	-9.52	-9.43	-9.35	-9.26	-9.17	-9.09	-9	-8.91	-8.83	-8.74	-8.65	-8.57	-8.48	-8.39	-8.3	-8.22	-8.13	-8.04	-7.96	-7.87	-7.78	-7.7	-7.59	-7.49	-7.39	-7.29	-7.19	-7.08	-6.98	-6.88	-6.78	-6.67	-6.57	-6.47	-6.37	-6.27	-6.16	-6.06	-5.96	-5.86	-5.76	-5.65	-5.55	-5.45	-5.35	-5.3	-5.26	-5.22	-5.17	-5.13	-5.09	-5.04	-5	-4.96	-4.91	-4.87	-4.83	-4.78	-4.74	-4.7	-4.65	-4.61	-4.57	-4.52	-4.48	-4.43	-4.39	-4.35	-4.22	-4.08	-3.95	-3.82	-3.69	-3.55	-3.42	-3.29	-3.16	-3.02	-2.89	-2.76	-2.63	-2.5	-2.36	-2.23	-2.1	-1.97	-1.83	-1.7	-1.57	-1.44	-1.3	-1.28	-1.25	-1.22	-1.19	-1.16	-1.13	-1.11	-1.08	-1.05	-1.02	-0.99	-0.96	-0.94	-0.91	-0.88	-0.85	-0.82	-0.79	-0.77	-0.74	-0.71	-0.68	-0.65	-0.59	-0.53	-0.48	-0.42	-0.36	-0.3	-0.24	-0.18	-0.12	-0.07	-0.01	0	0	0	0	0	0	0	0	0	0	0	0	0	0	0	0	0	0	0	0	0	0	0	0	0	0	0	0
0	0	0	0	0	-10.64	-10.61	-10.58	-10.55	-10.52	-10.49	-10.46	-10.43	-10.4	-10.36	-10.33	-10.3	-10.27	-10.24	-10.21	-10.18	-10.15	-10.12	-10.09	-10.06	-10.03	-10	-9.97	-9.94	-9.91	-9.88	-9.85	-9.82	-9.79	-9.76	-9.73	-9.7	-9.67	-9.64	-9.61	-9.52	-9.43	-9.35	-9.26	-9.17	-9.09	-9	-8.91	-8.83	-8.74	-8.65	-8.57	-8.48	-8.39	-8.3	-8.22	-8.13	-8.04	-7.96	-7.87	-7.78	-7.7	-7.61	-7.51	-7.41	-7.31	-7.21	-7.11	-7.01	-6.91	-6.81	-6.71	-6.61	-6.51	-6.41	-6.31	-6.21	-6.11	-6.01	-5.91	-5.81	-5.71	-5.6	-5.5	-5.4	-5.3	-5.26	-5.22	-5.17	-5.13	-5.09	-5.04	-5	-4.96	-4.91	-4.87	-4.83	-4.78	-4.74	-4.7	-4.65	-4.61	-4.57	-4.52	-4.48	-4.43	-4.39	-4.35	-4.3	-4.18	-4.05	-3.92	-3.8	-3.67	-3.54	-3.42	-3.29	-3.16	-3.04	-2.91	-2.78	-2.66	-2.53	-2.4	-2.28	-2.15	-2.02	-1.9	-1.77	-1.64	-1.52	-1.39	-1.36	-1.33	-1.3	-1.27	-1.24	-1.21	-1.18	-1.15	-1.12	-1.09	-1.06	-1.03	-1	-0.97	-0.94	-0.91	-0.88	-0.85	-0.82	-0.79	-0.76	-0.73	-0.7	-0.64	-0.58	-0.53	-0.47	-0.41	-0.36	-0.3	-0.24	-0.19	-0.13	-0.07	-0.02	0	0	0	0	0	0	0	0	0	0	0	0	0	0	0	0	0	0	0	0	0	0	0	0	0	0	0
0	0	0	0	0	-10.61	-10.58	-10.55	-10.52	-10.49	-10.45	-10.42	-10.39	-10.36	-10.33	-10.29	-10.26	-10.23	-10.2	-10.16	-10.13	-10.1	-10.07	-10.04	-10	-9.97	-9.94	-9.91	-9.88	-9.84	-9.81	-9.78	-9.75	-9.71	-9.68	-9.65	-9.62	-9.59	-9.55	-9.52	-9.43	-9.35	-9.26	-9.17	-9.09	-9	-8.91	-8.83	-8.74	-8.65	-8.57	-8.48	-8.39	-8.3	-8.22	-8.13	-8.04	-7.96	-7.87	-7.78	-7.7	-7.61	-7.52	-7.42	-7.33	-7.23	-7.13	-7.03	-6.93	-6.83	-6.74	-6.64	-6.54	-6.44	-6.34	-6.24	-6.15	-6.05	-5.95	-5.85	-5.75	-5.65	-5.56	-5.46	-5.36	-5.26	-5.22	-5.17	-5.13	-5.09	-5.04	-5	-4.96	-4.91	-4.87	-4.83	-4.78	-4.74	-4.7	-4.65	-4.61	-4.57	-4.52	-4.48	-4.43	-4.39	-4.35	-4.3	-4.26	-4.14	-4.02	-3.9	-3.78	-3.66	-3.53	-3.41	-3.29	-3.17	-3.05	-2.93	-2.81	-2.69	-2.57	-2.45	-2.33	-2.2	-2.08	-1.96	-1.84	-1.72	-1.6	-1.48	-1.45	-1.41	-1.38	-1.35	-1.32	-1.29	-1.25	-1.22	-1.19	-1.16	-1.12	-1.09	-1.06	-1.03	-1	-0.96	-0.93	-0.9	-0.87	-0.84	-0.8	-0.77	-0.74	-0.68	-0.63	-0.57	-0.52	-0.47	-0.41	-0.36	-0.3	-0.25	-0.19	-0.14	-0.08	-0.03	0	0	0	0	0	0	0	0	0	0	0	0	0	0	0	0	0	0	0	0	0	0	0	0	0	0
0	0	0	0	0	-10.59	-10.56	-10.52	-10.49	-10.46	-10.42	-10.39	-10.35	-10.32	-10.29	-10.25	-10.22	-10.18	-10.15	-10.12	-10.08	-10.05	-10.01	-9.98	-9.95	-9.91	-9.88	-9.84	-9.81	-9.78	-9.74	-9.71	-9.67	-9.64	-9.6	-9.57	-9.54	-9.5	-9.47	-9.43	-9.35	-9.26	-9.17	-9.09	-9	-8.91	-8.83	-8.74	-8.65	-8.57	-8.48	-8.39	-8.3	-8.22	-8.13	-8.04	-7.96	-7.87	-7.78	-7.7	-7.61	-7.52	-7.43	-7.34	-7.24	-7.15	-7.05	-6.95	-6.86	-6.76	-6.66	-6.57	-6.47	-6.37	-6.28	-6.18	-6.09	-5.99	-5.89	-5.8	-5.7	-5.6	-5.51	-5.41	-5.31	-5.22	-5.17	-5.13	-5.09	-5.04	-5	-4.96	-4.91	-4.87	-4.83	-4.78	-4.74	-4.7	-4.65	-4.61	-4.57	-4.52	-4.48	-4.43	-4.39	-4.35	-4.3	-4.26	-4.22	-4.1	-3.99	-3.87	-3.76	-3.64	-3.53	-3.41	-3.29	-3.18	-3.06	-2.95	-2.83	-2.72	-2.6	-2.49	-2.37	-2.26	-2.14	-2.03	-1.91	-1.8	-1.68	-1.57	-1.53	-1.5	-1.46	-1.43	-1.4	-1.36	-1.33	-1.29	-1.26	-1.22	-1.19	-1.16	-1.12	-1.09	-1.05	-1.02	-0.99	-0.95	-0.92	-0.88	-0.85	-0.82	-0.78	-0.73	-0.68	-0.62	-0.57	-0.52	-0.47	-0.41	-0.36	-0.31	-0.25	-0.2	-0.15	-0.09	-0.04	0	0	0	0	0	0	0	0	0	0	0	0	0	0	0	0	0	0	0	0	0	0	0	0	0
0	0	0	0	0	-10.57	-10.53	-10.5	-10.46	-10.43	-10.39	-10.35	-10.32	-10.28	-10.25	-10.21	-10.17	-10.14	-10.1	-10.07	-10.03	-9.99	-9.96	-9.92	-9.89	-9.85	-9.81	-9.78	-9.74	-9.71	-9.67	-9.64	-9.6	-9.56	-9.53	-9.49	-9.46	-9.42	-9.38	-9.35	-9.26	-9.17	-9.09	-9	-8.91	-8.83	-8.74	-8.65	-8.57	-8.48	-8.39	-8.3	-8.22	-8.13	-8.04	-7.96	-7.87	-7.78	-7.7	-7.61	-7.52	-7.43	-7.35	-7.25	-7.16	-7.06	-6.97	-6.88	-6.78	-6.69	-6.59	-6.5	-6.4	-6.31	-6.21	-6.12	-6.02	-5.93	-5.84	-5.74	-5.65	-5.55	-5.46	-5.36	-5.27	-5.17	-5.13	-5.09	-5.04	-5	-4.96	-4.91	-4.87	-4.83	-4.78	-4.74	-4.7	-4.65	-4.61	-4.57	-4.52	-4.48	-4.43	-4.39	-4.35	-4.3	-4.26	-4.22	-4.17	-4.06	-3.95	-3.84	-3.74	-3.63	-3.52	-3.41	-3.3	-3.19	-3.08	-2.97	-2.86	-2.75	-2.64	-2.53	-2.42	-2.31	-2.2	-2.09	-1.98	-1.87	-1.76	-1.65	-1.62	-1.58	-1.54	-1.51	-1.47	-1.44	-1.4	-1.36	-1.33	-1.29	-1.26	-1.22	-1.19	-1.15	-1.11	-1.08	-1.04	-1.01	-0.97	-0.93	-0.9	-0.86	-0.83	-0.78	-0.72	-0.67	-0.62	-0.57	-0.52	-0.47	-0.42	-0.37	-0.32	-0.26	-0.21	-0.16	-0.11	-0.06	-0.01	0	0	0	0	0	0	0	0	0	0	0	0	0	0	0	0	0	0	0	0	0	0	0
0	0	0	0	0	-10.55	-10.51	-10.47	-10.43	-10.4	-10.36	-10.32	-10.28	-10.24	-10.21	-10.17	-10.13	-10.09	-10.05	-10.02	-9.98	-9.94	-9.9	-9.87	-9.83	-9.79	-9.75	-9.71	-9.68	-9.64	-9.6	-9.56	-9.53	-9.49	-9.45	-9.41	-9.37	-9.34	-9.3	-9.26	-9.17	-9.09	-9	-8.91	-8.83	-8.74	-8.65	-8.57	-8.48	-8.39	-8.3	-8.22	-8.13	-8.04	-7.96	-7.87	-7.78	-7.7	-7.61	-7.52	-7.43	-7.35	-7.26	-7.17	-7.08	-6.98	-6.89	-6.8	-6.71	-6.61	-6.52	-6.43	-6.33	-6.24	-6.15	-6.06	-5.96	-5.87	-5.78	-5.69	-5.59	-5.5	-5.41	-5.32	-5.22	-5.13	-5.09	-5.04	-5	-4.96	-4.91	-4.87	-4.83	-4.78	-4.74	-4.7	-4.65	-4.61	-4.57	-4.52	-4.48	-4.43	-4.39	-4.35	-4.3	-4.26	-4.22	-4.17	-4.13	-4.03	-3.92	-3.82	-3.71	-3.61	-3.51	-3.4	-3.3	-3.19	-3.09	-2.99	-2.88	-2.78	-2.67	-2.57	-2.47	-2.36	-2.26	-2.16	-2.05	-1.95	-1.84	-1.74	-1.7	-1.66	-1.63	-1.59	-1.55	-1.51	-1.47	-1.44	-1.4	-1.36	-1.32	-1.29	-1.25	-1.21	-1.17	-1.13	-1.1	-1.06	-1.02	-0.98	-0.95	-0.91	-0.87	-0.82	-0.77	-0.72	-0.67	-0.62	-0.57	-0.53	-0.48	-0.43	-0.38	-0.33	-0.28	-0.23	-0.18	-0.13	-0.08	-0.03	0	0	0	0	0	0	0	0	0	0	0	0	0	0	0	0	0	0	0	0	0	0
0	0	0	0	0	-10.52	-10.48	-10.44	-10.4	-10.36	-10.33	-10.29	-10.25	-10.21	-10.17	-10.13	-10.09	-10.05	-10.01	-9.97	-9.93	-9.89	-9.85	-9.81	-9.77	-9.73	-9.69	-9.65	-9.61	-9.57	-9.53	-9.49	-9.45	-9.41	-9.37	-9.33	-9.29	-9.25	-9.21	-9.17	-9.09	-9	-8.91	-8.83	-8.74	-8.65	-8.57	-8.48	-8.39	-8.3	-8.22	-8.13	-8.04	-7.96	-7.87	-7.78	-7.7	-7.61	-7.52	-7.43	-7.35	-7.26	-7.17	-7.08	-6.99	-6.9	-6.81	-6.72	-6.63	-6.54	-6.45	-6.36	-6.27	-6.18	-6.09	-5.99	-5.9	-5.81	-5.72	-5.63	-5.54	-5.45	-5.36	-5.27	-5.18	-5.09	-5.04	-5	-4.96	-4.91	-4.87	-4.83	-4.78	-4.74	-4.7	-4.65	-4.61	-4.57	-4.52	-4.48	-4.43	-4.39	-4.35	-4.3	-4.26	-4.22	-4.17	-4.13	-4.09	-3.99	-3.89	-3.79	-3.69	-3.6	-3.5	-3.4	-3.3	-3.2	-3.1	-3.01	-2.91	-2.81	-2.71	-2.61	-2.51	-2.42	-2.32	-2.22	-2.12	-2.02	-1.92	-1.83	-1.79	-1.75	-1.71	-1.67	-1.63	-1.59	-1.55	-1.51	-1.47	-1.43	-1.39	-1.35	-1.31	-1.27	-1.23	-1.19	-1.15	-1.11	-1.07	-1.03	-0.99	-0.95	-0.91	-0.87	-0.82	-0.77	-0.72	-0.68	-0.63	-0.58	-0.53	-0.49	-0.44	-0.39	-0.35	-0.3	-0.25	-0.2	-0.16	-0.11	-0.06	-0.02	0	0	0	0	0	0	0	0	0	0	0	0	0	0	0	0	0	0	0	0
0	0	0	0	0	-10.5	-10.46	-10.42	-10.38	-10.33	-10.29	-10.25	-10.21	-10.17	-10.13	-10.09	-10.04	-10	-9.96	-9.92	-9.88	-9.84	-9.79	-9.75	-9.71	-9.67	-9.63	-9.59	-9.54	-9.5	-9.46	-9.42	-9.38	-9.34	-9.29	-9.25	-9.21	-9.17	-9.13	-9.09	-9	-8.91	-8.83	-8.74	-8.65	-8.57	-8.48	-8.39	-8.3	-8.22	-8.13	-8.04	-7.96	-7.87	-7.78	-7.7	-7.61	-7.52	-7.43	-7.35	-7.26	-7.17	-7.09	-7	-6.91	-6.82	-6.73	-6.64	-6.55	-6.47	-6.38	-6.29	-6.2	-6.11	-6.02	-5.93	-5.84	-5.75	-5.67	-5.58	-5.49	-5.4	-5.31	-5.22	-5.13	-5.04	-5	-4.96	-4.91	-4.87	-4.83	-4.78	-4.74	-4.7	-4.65	-4.61	-4.57	-4.52	-4.48	-4.43	-4.39	-4.35	-4.3	-4.26	-4.22	-4.17	-4.13	-4.09	-4.04	-3.95	-3.86	-3.77	-3.67	-3.58	-3.49	-3.4	-3.3	-3.21	-3.12	-3.02	-2.93	-2.84	-2.75	-2.65	-2.56	-2.47	-2.38	-2.28	-2.19	-2.1	-2.01	-1.91	-1.87	-1.83	-1.79	-1.75	-1.71	-1.66	-1.62	-1.58	-1.54	-1.5	-1.46	-1.41	-1.37	-1.33	-1.29	-1.25	-1.21	-1.16	-1.12	-1.08	-1.04	-1	-0.96	-0.91	-0.87	-0.82	-0.78	-0.73	-0.68	-0.64	-0.59	-0.55	-0.5	-0.46	-0.41	-0.37	-0.32	-0.28	-0.23	-0.19	-0.14	-0.09	-0.05	0	0	0	0	0	0	0	0	0	0	0	0	0	0	0	0	0	0	0
0	0	0	0	0	-10.48	-10.43	-10.39	-10.35	-10.3	-10.26	-10.22	-10.17	-10.13	-10.09	-10.04	-10	-9.96	-9.91	-9.87	-9.83	-9.78	-9.74	-9.7	-9.65	-9.61	-9.57	-9.52	-9.48	-9.43	-9.39	-9.35	-9.3	-9.26	-9.22	-9.17	-9.13	-9.09	-9.04	-9	-8.91	-8.83	-8.74	-8.65	-8.57	-8.48	-8.39	-8.3	-8.22	-8.13	-8.04	-7.96	-7.87	-7.78	-7.7	-7.61	-7.52	-7.43	-7.35	-7.26	-7.17	-7.09	-7	-6.91	-6.83	-6.74	-6.65	-6.57	-6.48	-6.39	-6.3	-6.22	-6.13	-6.04	-5.96	-5.87	-5.78	-5.7	-5.61	-5.52	-5.43	-5.35	-5.26	-5.17	-5.09	-5	-4.96	-4.91	-4.87	-4.83	-4.78	-4.74	-4.7	-4.65	-4.61	-4.57	-4.52	-4.48	-4.43	-4.39	-4.35	-4.3	-4.26	-4.22	-4.17	-4.13	-4.09	-4.04	-4	-3.91	-3.83	-3.74	-3.65	-3.57	-3.48	-3.39	-3.3	-3.22	-3.13	-3.04	-2.96	-2.87	-2.78	-2.7	-2.61	-2.52	-2.43	-2.35	-2.26	-2.17	-2.09	-2	-1.96	-1.91	-1.87	-1.83	-1.78	-1.74	-1.7	-1.65	-1.61	-1.57	-1.52	-1.48	-1.43	-1.39	-1.35	-1.3	-1.26	-1.22	-1.17	-1.13	-1.09	-1.04	-1	-0.96	-0.91	-0.87	-0.83	-0.78	-0.74	-0.7	-0.65	-0.61	-0.57	-0.52	-0.48	-0.43	-0.39	-0.35	-0.3	-0.26	-0.22	-0.17	-0.13	-0.09	-0.04	0	0	0	0	0	0	0	0	0	0	0	0	0	0	0	0	0
0	0	0	0	0	-10.46	-10.41	-10.36	-10.32	-10.27	-10.23	-10.18	-10.14	-10.09	-10.05	-10	-9.96	-9.91	-9.87	-9.82	-9.78	-9.73	-9.68	-9.64	-9.59	-9.55	-9.5	-9.46	-9.41	-9.37	-9.32	-9.28	-9.23	-9.19	-9.14	-9.09	-9.05	-9	-8.96	-8.91	-8.83	-8.74	-8.65	-8.57	-8.48	-8.39	-8.3	-8.22	-8.13	-8.04	-7.96	-7.87	-7.78	-7.7	-7.61	-7.52	-7.43	-7.35	-7.26	-7.17	-7.09	-7	-6.91	-6.83	-6.74	-6.66	-6.57	-6.49	-6.4	-6.32	-6.23	-6.15	-6.06	-5.98	-5.89	-5.81	-5.72	-5.64	-5.55	-5.47	-5.38	-5.3	-5.21	-5.13	-5.04	-4.96	-4.91	-4.87	-4.83	-4.78	-4.74	-4.7	-4.65	-4.61	-4.57	-4.52	-4.48	-4.43	-4.39	-4.35	-4.3	-4.26	-4.22	-4.17	-4.13	-4.09	-4.04	-4	-3.96	-3.88	-3.79	-3.71	-3.63	-3.55	-3.47	-3.39	-3.31	-3.22	-3.14	-3.06	-2.98	-2.9	-2.82	-2.74	-2.66	-2.57	-2.49	-2.41	-2.33	-2.25	-2.17	-2.09	-2.04	-2	-1.95	-1.91	-1.86	-1.81	-1.77	-1.72	-1.68	-1.63	-1.59	-1.54	-1.5	-1.45	-1.41	-1.36	-1.32	-1.27	-1.22	-1.18	-1.13	-1.09	-1.04	-1	-0.96	-0.92	-0.88	-0.84	-0.79	-0.75	-0.71	-0.67	-0.63	-0.59	-0.54	-0.5	-0.46	-0.42	-0.38	-0.34	-0.29	-0.25	-0.21	-0.17	-0.13	-0.09	-0.05	0	0	0	0	0	0	0	0	0	0	0	0	0	0	0
0	0	0	0	0	-10.43	-10.39	-10.34	-10.29	-10.24	-10.2	-10.15	-10.1	-10.05	-10.01	-9.96	-9.91	-9.87	-9.82	-9.77	-9.72	-9.68	-9.63	-9.58	-9.53	-9.49	-9.44	-9.39	-9.35	-9.3	-9.25	-9.2	-9.16	-9.11	-9.06	-9.02	-8.97	-8.92	-8.87	-8.83	-8.74	-8.65	-8.57	-8.48	-8.39	-8.3	-8.22	-8.13	-8.04	-7.96	-7.87	-7.78	-7.7	-7.61	-7.52	-7.43	-7.35	-7.26	-7.17	-7.09	-7	-6.91	-6.83	-6.74	-6.66	-6.58	-6.49	-6.41	-6.33	-6.24	-6.16	-6.08	-5.99	-5.91	-5.83	-5.74	-5.66	-5.58	-5.5	-5.41	-5.33	-5.25	-5.16	-5.08	-5	-4.91	-4.87	-4.83	-4.78	-4.74	-4.7	-4.65	-4.61	-4.57	-4.52	-4.48	-4.43	-4.39	-4.35	-4.3	-4.26	-4.22	-4.17	-4.13	-4.09	-4.04	-4	-3.96	-3.91	-3.84	-3.76	-3.69	-3.61	-3.53	-3.46	-3.38	-3.31	-3.23	-3.16	-3.08	-3.01	-2.93	-2.85	-2.78	-2.7	-2.63	-2.55	-2.48	-2.4	-2.33	-2.25	-2.17	-2.13	-2.08	-2.03	-1.98	-1.94	-1.89	-1.84	-1.8	-1.75	-1.7	-1.65	-1.61	-1.56	-1.51	-1.47	-1.42	-1.37	-1.32	-1.28	-1.23	-1.18	-1.13	-1.09	-1.05	-1.01	-0.97	-0.93	-0.89	-0.85	-0.81	-0.77	-0.73	-0.69	-0.65	-0.61	-0.57	-0.53	-0.49	-0.45	-0.41	-0.37	-0.33	-0.29	-0.25	-0.21	-0.17	-0.13	-0.09	-0.05	-0.02	0	0	0	0	0	0	0	0	0	0	0	0
0	0	0	0	0	-10.41	-10.36	-10.31	-10.26	-10.21	-10.16	-10.12	-10.07	-10.02	-9.97	-9.92	-9.87	-9.82	-9.77	-9.72	-9.67	-9.62	-9.57	-9.53	-9.48	-9.43	-9.38	-9.33	-9.28	-9.23	-9.18	-9.13	-9.08	-9.03	-8.98	-8.94	-8.89	-8.84	-8.79	-8.74	-8.65	-8.57	-8.48	-8.39	-8.3	-8.22	-8.13	-8.04	-7.96	-7.87	-7.78	-7.7	-7.61	-7.52	-7.43	-7.35	-7.26	-7.17	-7.09	-7	-6.91	-6.83	-6.74	-6.66	-6.58	-6.5	-6.41	-6.33	-6.25	-6.17	-6.09	-6.01	-5.93	-5.84	-5.76	-5.68	-5.6	-5.52	-5.44	-5.36	-5.28	-5.19	-5.11	-5.03	-4.95	-4.87	-4.83	-4.78	-4.74	-4.7	-4.65	-4.61	-4.57	-4.52	-4.48	-4.43	-4.39	-4.35	-4.3	-4.26	-4.22	-4.17	-4.13	-4.09	-4.04	-4	-3.96	-3.91	-3.87	-3.8	-3.73	-3.66	-3.59	-3.52	-3.45	-3.38	-3.31	-3.24	-3.17	-3.1	-3.03	-2.96	-2.89	-2.82	-2.75	-2.68	-2.61	-2.54	-2.47	-2.4	-2.33	-2.26	-2.21	-2.16	-2.11	-2.06	-2.02	-1.97	-1.92	-1.87	-1.82	-1.77	-1.72	-1.67	-1.62	-1.57	-1.52	-1.47	-1.43	-1.38	-1.33	-1.28	-1.23	-1.18	-1.13	-1.09	-1.05	-1.02	-0.98	-0.94	-0.9	-0.87	-0.83	-0.79	-0.75	-0.71	-0.68	-0.64	-0.6	-0.56	-0.53	-0.49	-0.45	-0.41	-0.37	-0.34	-0.3	-0.26	-0.22	-0.19	-0.15	-0.11	-0.07	-0.03	0	0	0	0	0	0	0	0	0	0
0	0	0	0	0	-10.39	-10.34	-10.29	-10.23	-10.18	-10.13	-10.08	-10.03	-9.98	-9.93	-9.88	-9.83	-9.78	-9.72	-9.67	-9.62	-9.57	-9.52	-9.47	-9.42	-9.37	-9.32	-9.26	-9.21	-9.16	-9.11	-9.06	-9.01	-8.96	-8.91	-8.86	-8.81	-8.75	-8.7	-8.65	-8.57	-8.48	-8.39	-8.3	-8.22	-8.13	-8.04	-7.96	-7.87	-7.78	-7.7	-7.61	-7.52	-7.43	-7.35	-7.26	-7.17	-7.09	-7	-6.91	-6.83	-6.74	-6.65	-6.57	-6.49	-6.41	-6.33	-6.26	-6.18	-6.1	-6.02	-5.94	-5.86	-5.78	-5.7	-5.62	-5.54	-5.46	-5.38	-5.3	-5.22	-5.14	-5.06	-4.98	-4.91	-4.83	-4.78	-4.74	-4.7	-4.65	-4.61	-4.57	-4.52	-4.48	-4.43	-4.39	-4.35	-4.3	-4.26	-4.22	-4.17	-4.13	-4.09	-4.04	-4	-3.96	-3.91	-3.87	-3.83	-3.76	-3.7	-3.63	-3.57	-3.5	-3.44	-3.38	-3.31	-3.25	-3.18	-3.12	-3.05	-2.99	-2.93	-2.86	-2.8	-2.73	-2.67	-2.6	-2.54	-2.48	-2.41	-2.35	-2.3	-2.25	-2.19	-2.14	-2.09	-2.04	-1.99	-1.94	-1.89	-1.84	-1.79	-1.74	-1.68	-1.63	-1.58	-1.53	-1.48	-1.43	-1.38	-1.33	-1.28	-1.22	-1.17	-1.14	-1.1	-1.07	-1.03	-0.99	-0.96	-0.92	-0.89	-0.85	-0.81	-0.78	-0.74	-0.71	-0.67	-0.64	-0.6	-0.56	-0.53	-0.49	-0.46	-0.42	-0.38	-0.35	-0.31	-0.28	-0.24	-0.2	-0.17	-0.13	-0.1	-0.06	-0.02	0	0	0	0	0	0	0
0	0	0	0	0	-10.36	-10.31	-10.26	-10.21	-10.15	-10.1	-10.05	-9.99	-9.94	-9.89	-9.84	-9.78	-9.73	-9.68	-9.62	-9.57	-9.52	-9.47	-9.41	-9.36	-9.31	-9.25	-9.2	-9.15	-9.09	-9.04	-8.99	-8.94	-8.88	-8.83	-8.78	-8.72	-8.67	-8.62	-8.57	-8.48	-8.39	-8.3	-8.22	-8.13	-8.04	-7.96	-7.87	-7.78	-7.7	-7.61	-7.52	-7.43	-7.35	-7.26	-7.17	-7.09	-7	-6.91	-6.83	-6.74	-6.65	-6.57	-6.49	-6.41	-6.33	-6.26	-6.18	-6.1	-6.02	-5.95	-5.87	-5.79	-5.71	-5.64	-5.56	-5.48	-5.4	-5.33	-5.25	-5.17	-5.09	-5.02	-4.94	-4.86	-4.78	-4.74	-4.7	-4.65	-4.61	-4.57	-4.52	-4.48	-4.43	-4.39	-4.35	-4.3	-4.26	-4.22	-4.17	-4.13	-4.09	-4.04	-4	-3.96	-3.91	-3.87	-3.83	-3.78	-3.72	-3.67	-3.61	-3.55	-3.49	-3.43	-3.37	-3.31	-3.26	-3.2	-3.14	-3.08	-3.02	-2.96	-2.9	-2.84	-2.79	-2.73	-2.67	-2.61	-2.55	-2.49	-2.43	-2.38	-2.33	-2.28	-2.22	-2.17	-2.12	-2.06	-2.01	-1.96	-1.91	-1.85	-1.8	-1.75	-1.69	-1.64	-1.59	-1.53	-1.48	-1.43	-1.38	-1.32	-1.27	-1.22	-1.18	-1.15	-1.12	-1.08	-1.05	-1.01	-0.98	-0.95	-0.91	-0.88	-0.84	-0.81	-0.78	-0.74	-0.71	-0.67	-0.64	-0.6	-0.57	-0.54	-0.5	-0.47	-0.43	-0.4	-0.37	-0.33	-0.3	-0.26	-0.23	-0.2	-0.16	-0.13	-0.09	-0.06	0	0	0	0	0
0	0	0	0	0	-10.34	-10.29	-10.23	-10.18	-10.12	-10.07	-10.01	-9.96	-9.9	-9.85	-9.79	-9.74	-9.68	-9.63	-9.57	-9.52	-9.47	-9.41	-9.36	-9.3	-9.25	-9.19	-9.14	-9.08	-9.03	-8.97	-8.92	-8.86	-8.81	-8.75	-8.7	-8.64	-8.59	-8.53	-8.48	-8.39	-8.3	-8.22	-8.13	-8.04	-7.96	-7.87	-7.78	-7.7	-7.61	-7.52	-7.43	-7.35	-7.26	-7.17	-7.09	-7	-6.91	-6.83	-6.74	-6.65	-6.57	-6.48	-6.4	-6.33	-6.25	-6.18	-6.1	-6.02	-5.95	-5.87	-5.8	-5.72	-5.65	-5.57	-5.5	-5.42	-5.34	-5.27	-5.19	-5.12	-5.04	-4.97	-4.89	-4.81	-4.74	-4.7	-4.65	-4.61	-4.57	-4.52	-4.48	-4.43	-4.39	-4.35	-4.3	-4.26	-4.22	-4.17	-4.13	-4.09	-4.04	-4	-3.96	-3.91	-3.87	-3.83	-3.78	-3.74	-3.69	-3.63	-3.58	-3.53	-3.47	-3.42	-3.37	-3.32	-3.26	-3.21	-3.16	-3.1	-3.05	-3	-2.95	-2.89	-2.84	-2.79	-2.73	-2.68	-2.63	-2.57	-2.52	-2.47	-2.41	-2.36	-2.3	-2.25	-2.19	-2.14	-2.08	-2.03	-1.97	-1.92	-1.86	-1.81	-1.75	-1.7	-1.64	-1.59	-1.53	-1.48	-1.43	-1.37	-1.32	-1.26	-1.23	-1.2	-1.16	-1.13	-1.1	-1.07	-1.04	-1	-0.97	-0.94	-0.91	-0.88	-0.84	-0.81	-0.78	-0.75	-0.71	-0.68	-0.65	-0.62	-0.59	-0.55	-0.52	-0.49	-0.46	-0.43	-0.39	-0.36	-0.33	-0.3	-0.26	-0.23	-0.2	-0.17	0	0	0	0	0
0	0	0	0	0	-10.32	-10.26	-10.21	-10.15	-10.09	-10.04	-9.98	-9.92	-9.87	-9.81	-9.75	-9.7	-9.64	-9.58	-9.53	-9.47	-9.41	-9.36	-9.3	-9.24	-9.19	-9.13	-9.07	-9.02	-8.96	-8.9	-8.84	-8.79	-8.73	-8.67	-8.62	-8.56	-8.5	-8.45	-8.39	-8.3	-8.22	-8.13	-8.04	-7.96	-7.87	-7.78	-7.7	-7.61	-7.52	-7.43	-7.35	-7.26	-7.17	-7.09	-7	-6.91	-6.83	-6.74	-6.65	-6.57	-6.48	-6.39	-6.32	-6.24	-6.17	-6.1	-6.02	-5.95	-5.88	-5.8	-5.73	-5.65	-5.58	-5.51	-5.43	-5.36	-5.29	-5.21	-5.14	-5.06	-4.99	-4.92	-4.84	-4.77	-4.7	-4.65	-4.61	-4.57	-4.52	-4.48	-4.43	-4.39	-4.35	-4.3	-4.26	-4.22	-4.17	-4.13	-4.09	-4.04	-4	-3.96	-3.91	-3.87	-3.83	-3.78	-3.74	-3.7	-3.65	-3.6	-3.55	-3.51	-3.46	-3.41	-3.36	-3.32	-3.27	-3.22	-3.18	-3.13	-3.08	-3.03	-2.99	-2.94	-2.89	-2.84	-2.8	-2.75	-2.7	-2.66	-2.61	-2.55	-2.5	-2.44	-2.38	-2.33	-2.27	-2.21	-2.16	-2.1	-2.04	-1.98	-1.93	-1.87	-1.81	-1.76	-1.7	-1.64	-1.59	-1.53	-1.47	-1.42	-1.36	-1.3	-1.27	-1.24	-1.21	-1.18	-1.15	-1.12	-1.09	-1.06	-1.03	-1	-0.97	-0.94	-0.91	-0.88	-0.85	-0.82	-0.79	-0.76	-0.73	-0.7	-0.67	-0.64	-0.61	-0.58	-0.55	-0.52	-0.49	-0.46	-0.43	-0.4	-0.37	-0.34	-0.31	-0.28	0	0	0	0	0
0	0	0	0	0	-10.3	-10.24	-10.18	-10.12	-10.06	-10	-9.95	-9.89	-9.83	-9.77	-9.71	-9.65	-9.59	-9.53	-9.48	-9.42	-9.36	-9.3	-9.24	-9.18	-9.12	-9.07	-9.01	-8.95	-8.89	-8.83	-8.77	-8.71	-8.66	-8.6	-8.54	-8.48	-8.42	-8.36	-8.3	-8.22	-8.13	-8.04	-7.96	-7.87	-7.78	-7.7	-7.61	-7.52	-7.43	-7.35	-7.26	-7.17	-7.09	-7	-6.91	-6.83	-6.74	-6.65	-6.57	-6.48	-6.39	-6.3	-6.23	-6.16	-6.09	-6.02	-5.95	-5.87	-5.8	-5.73	-5.66	-5.59	-5.51	-5.44	-5.37	-5.3	-5.23	-5.16	-5.08	-5.01	-4.94	-4.87	-4.8	-4.72	-4.65	-4.61	-4.57	-4.52	-4.48	-4.43	-4.39	-4.35	-4.3	-4.26	-4.22	-4.17	-4.13	-4.09	-4.04	-4	-3.96	-3.91	-3.87	-3.83	-3.78	-3.74	-3.7	-3.65	-3.61	-3.57	-3.53	-3.49	-3.44	-3.4	-3.36	-3.32	-3.28	-3.24	-3.19	-3.15	-3.11	-3.07	-3.03	-2.99	-2.95	-2.9	-2.86	-2.82	-2.78	-2.74	-2.7	-2.64	-2.58	-2.52	-2.46	-2.4	-2.34	-2.29	-2.23	-2.17	-2.11	-2.05	-1.99	-1.93	-1.88	-1.82	-1.76	-1.7	-1.64	-1.58	-1.52	-1.47	-1.41	-1.35	-1.32	-1.29	-1.26	-1.23	-1.21	-1.18	-1.15	-1.12	-1.09	-1.06	-1.04	-1.01	-0.98	-0.95	-0.92	-0.89	-0.87	-0.84	-0.81	-0.78	-0.75	-0.72	-0.7	-0.67	-0.64	-0.61	-0.58	-0.55	-0.53	-0.5	-0.47	-0.44	-0.41	-0.38	0	0	0	0	0
0	0	0	0	0	-10.27	-10.21	-10.15	-10.09	-10.03	-9.97	-9.91	-9.85	-9.79	-9.73	-9.67	-9.61	-9.55	-9.49	-9.43	-9.37	-9.31	-9.25	-9.19	-9.12	-9.06	-9	-8.94	-8.88	-8.82	-8.76	-8.7	-8.64	-8.58	-8.52	-8.46	-8.4	-8.34	-8.28	-8.22	-8.13	-8.04	-7.96	-7.87	-7.78	-7.7	-7.61	-7.52	-7.43	-7.35	-7.26	-7.17	-7.09	-7	-6.91	-6.83	-6.74	-6.65	-6.57	-6.48	-6.39	-6.3	-6.22	-6.15	-6.08	-6.01	-5.94	-5.87	-5.8	-5.73	-5.66	-5.59	-5.52	-5.45	-5.38	-5.31	-5.24	-5.17	-5.1	-5.03	-4.96	-4.89	-4.82	-4.75	-4.68	-4.61	-4.57	-4.52	-4.48	-4.43	-4.39	-4.35	-4.3	-4.26	-4.22	-4.17	-4.13	-4.09	-4.04	-4	-3.96	-3.91	-3.87	-3.83	-3.78	-3.74	-3.7	-3.65	-3.61	-3.57	-3.54	-3.5	-3.47	-3.43	-3.39	-3.36	-3.32	-3.29	-3.25	-3.21	-3.18	-3.14	-3.11	-3.07	-3.03	-3	-2.96	-2.93	-2.89	-2.85	-2.82	-2.78	-2.72	-2.66	-2.6	-2.54	-2.48	-2.42	-2.36	-2.3	-2.24	-2.18	-2.12	-2.06	-2	-1.94	-1.88	-1.81	-1.75	-1.69	-1.63	-1.57	-1.51	-1.45	-1.39	-1.36	-1.34	-1.31	-1.29	-1.26	-1.23	-1.21	-1.18	-1.15	-1.13	-1.1	-1.07	-1.05	-1.02	-0.99	-0.97	-0.94	-0.91	-0.89	-0.86	-0.84	-0.81	-0.78	-0.76	-0.73	-0.7	-0.68	-0.65	-0.62	-0.6	-0.57	-0.54	-0.52	-0.49	0	0	0	0	0
0	0	0	0	0	-10.25	-10.19	-10.13	-10.06	-10	-9.94	-9.88	-9.81	-9.75	-9.69	-9.63	-9.57	-9.5	-9.44	-9.38	-9.32	-9.25	-9.19	-9.13	-9.07	-9	-8.94	-8.88	-8.82	-8.75	-8.69	-8.63	-8.57	-8.5	-8.44	-8.38	-8.32	-8.26	-8.19	-8.13	-8.04	-7.96	-7.87	-7.78	-7.7	-7.61	-7.52	-7.43	-7.35	-7.26	-7.17	-7.09	-7	-6.91	-6.83	-6.74	-6.65	-6.57	-6.48	-6.39	-6.3	-6.22	-6.13	-6.06	-5.99	-5.93	-5.86	-5.79	-5.72	-5.65	-5.59	-5.52	-5.45	-5.38	-5.31	-5.25	-5.18	-5.11	-5.04	-4.97	-4.91	-4.84	-4.77	-4.7	-4.63	-4.57	-4.52	-4.48	-4.43	-4.39	-4.35	-4.3	-4.26	-4.22	-4.17	-4.13	-4.09	-4.04	-4	-3.96	-3.91	-3.87	-3.83	-3.78	-3.74	-3.7	-3.65	-3.61	-3.57	-3.53	-3.5	-3.47	-3.44	-3.41	-3.38	-3.35	-3.32	-3.29	-3.26	-3.23	-3.2	-3.17	-3.14	-3.11	-3.08	-3.05	-3.02	-2.99	-2.96	-2.93	-2.9	-2.87	-2.81	-2.74	-2.68	-2.62	-2.56	-2.5	-2.43	-2.37	-2.31	-2.25	-2.18	-2.12	-2.06	-2	-1.93	-1.87	-1.81	-1.75	-1.68	-1.62	-1.56	-1.5	-1.43	-1.41	-1.39	-1.36	-1.34	-1.31	-1.29	-1.26	-1.24	-1.21	-1.19	-1.16	-1.14	-1.12	-1.09	-1.07	-1.04	-1.02	-0.99	-0.97	-0.94	-0.92	-0.89	-0.87	-0.84	-0.82	-0.8	-0.77	-0.75	-0.72	-0.7	-0.67	-0.65	-0.62	-0.6	0	0	0	0	0
0	0	0	0	0	-10.23	-10.16	-10.1	-10.04	-9.97	-9.91	-9.84	-9.78	-9.71	-9.65	-9.59	-9.52	-9.46	-9.39	-9.33	-9.26	-9.2	-9.14	-9.07	-9.01	-8.94	-8.88	-8.81	-8.75	-8.69	-8.62	-8.56	-8.49	-8.43	-8.36	-8.3	-8.24	-8.17	-8.11	-8.04	-7.96	-7.87	-7.78	-7.7	-7.61	-7.52	-7.43	-7.35	-7.26	-7.17	-7.09	-7	-6.91	-6.83	-6.74	-6.65	-6.57	-6.48	-6.39	-6.3	-6.22	-6.13	-6.04	-5.98	-5.91	-5.84	-5.78	-5.71	-5.65	-5.58	-5.51	-5.45	-5.38	-5.32	-5.25	-5.18	-5.12	-5.05	-4.98	-4.92	-4.85	-4.79	-4.72	-4.65	-4.59	-4.52	-4.48	-4.43	-4.39	-4.35	-4.3	-4.26	-4.22	-4.17	-4.13	-4.09	-4.04	-4	-3.96	-3.91	-3.87	-3.83	-3.78	-3.74	-3.7	-3.65	-3.61	-3.57	-3.52	-3.5	-3.47	-3.45	-3.42	-3.4	-3.37	-3.35	-3.33	-3.3	-3.28	-3.25	-3.23	-3.2	-3.18	-3.15	-3.13	-3.1	-3.08	-3.05	-3.03	-3.01	-2.98	-2.96	-2.89	-2.83	-2.76	-2.7	-2.64	-2.57	-2.51	-2.44	-2.38	-2.31	-2.25	-2.19	-2.12	-2.06	-1.99	-1.93	-1.86	-1.8	-1.74	-1.67	-1.61	-1.54	-1.48	-1.46	-1.43	-1.41	-1.39	-1.36	-1.34	-1.32	-1.3	-1.27	-1.25	-1.23	-1.21	-1.18	-1.16	-1.14	-1.12	-1.09	-1.07	-1.05	-1.02	-1	-0.98	-0.96	-0.93	-0.91	-0.89	-0.87	-0.84	-0.82	-0.8	-0.78	-0.75	-0.73	-0.71	0	0	0	0	0
0	0	0	0	0	-10.21	-10.14	-10.07	-10.01	-9.94	-9.88	-9.81	-9.74	-9.68	-9.61	-9.54	-9.48	-9.41	-9.35	-9.28	-9.21	-9.15	-9.08	-9.02	-8.95	-8.88	-8.82	-8.75	-8.68	-8.62	-8.55	-8.49	-8.42	-8.35	-8.29	-8.22	-8.16	-8.09	-8.02	-7.96	-7.87	-7.78	-7.7	-7.61	-7.52	-7.43	-7.35	-7.26	-7.17	-7.09	-7	-6.91	-6.83	-6.74	-6.65	-6.57	-6.48	-6.39	-6.3	-6.22	-6.13	-6.04	-5.96	-5.89	-5.83	-5.76	-5.7	-5.64	-5.57	-5.51	-5.44	-5.38	-5.31	-5.25	-5.19	-5.12	-5.06	-4.99	-4.93	-4.86	-4.8	-4.74	-4.67	-4.61	-4.54	-4.48	-4.43	-4.39	-4.35	-4.3	-4.26	-4.22	-4.17	-4.13	-4.09	-4.04	-4	-3.96	-3.91	-3.87	-3.83	-3.78	-3.74	-3.7	-3.65	-3.61	-3.57	-3.52	-3.48	-3.46	-3.44	-3.42	-3.4	-3.38	-3.36	-3.35	-3.33	-3.31	-3.29	-3.27	-3.25	-3.23	-3.21	-3.19	-3.18	-3.16	-3.14	-3.12	-3.1	-3.08	-3.06	-3.04	-2.98	-2.91	-2.84	-2.78	-2.71	-2.65	-2.58	-2.51	-2.45	-2.38	-2.32	-2.25	-2.18	-2.12	-2.05	-1.98	-1.92	-1.85	-1.79	-1.72	-1.65	-1.59	-1.52	-1.5	-1.48	-1.46	-1.44	-1.42	-1.4	-1.38	-1.36	-1.33	-1.31	-1.29	-1.27	-1.25	-1.23	-1.21	-1.19	-1.17	-1.15	-1.13	-1.11	-1.09	-1.06	-1.04	-1.02	-1	-0.98	-0.96	-0.94	-0.92	-0.9	-0.88	-0.86	-0.84	-0.81	0	0	0	0	0
0	0	0	0	0	-10.18	-10.12	-10.05	-9.98	-9.91	-9.84	-9.78	-9.71	-9.64	-9.57	-9.5	-9.43	-9.37	-9.3	-9.23	-9.16	-9.09	-9.03	-8.96	-8.89	-8.82	-8.75	-8.69	-8.62	-8.55	-8.48	-8.41	-8.35	-8.28	-8.21	-8.14	-8.07	-8.01	-7.94	-7.87	-7.78	-7.7	-7.61	-7.52	-7.43	-7.35	-7.26	-7.17	-7.09	-7	-6.91	-6.83	-6.74	-6.65	-6.57	-6.48	-6.39	-6.3	-6.22	-6.13	-6.04	-5.96	-5.87	-5.81	-5.74	-5.68	-5.62	-5.56	-5.5	-5.43	-5.37	-5.31	-5.25	-5.18	-5.12	-5.06	-5	-4.93	-4.87	-4.81	-4.75	-4.68	-4.62	-4.56	-4.5	-4.43	-4.39	-4.35	-4.3	-4.26	-4.22	-4.17	-4.13	-4.09	-4.04	-4	-3.96	-3.91	-3.87	-3.83	-3.78	-3.74	-3.7	-3.65	-3.61	-3.57	-3.52	-3.48	-3.43	-3.42	-3.41	-3.4	-3.38	-3.37	-3.36	-3.34	-3.33	-3.32	-3.3	-3.29	-3.28	-3.26	-3.25	-3.24	-3.22	-3.21	-3.2	-3.18	-3.17	-3.16	-3.14	-3.13	-3.06	-2.99	-2.93	-2.86	-2.79	-2.72	-2.65	-2.59	-2.52	-2.45	-2.38	-2.31	-2.25	-2.18	-2.11	-2.04	-1.97	-1.91	-1.84	-1.77	-1.7	-1.63	-1.57	-1.55	-1.53	-1.51	-1.49	-1.47	-1.45	-1.43	-1.41	-1.4	-1.38	-1.36	-1.34	-1.32	-1.3	-1.28	-1.26	-1.24	-1.22	-1.21	-1.19	-1.17	-1.15	-1.13	-1.11	-1.09	-1.07	-1.05	-1.04	-1.02	-1	-0.98	-0.96	-0.94	-0.92	0	0	0	0	0
0	0	0	0	0	-10.16	-10.09	-10.02	-9.95	-9.88	-9.81	-9.74	-9.67	-9.6	-9.53	-9.46	-9.39	-9.32	-9.25	-9.18	-9.11	-9.04	-8.97	-8.9	-8.83	-8.76	-8.69	-8.62	-8.55	-8.48	-8.41	-8.34	-8.27	-8.2	-8.13	-8.06	-7.99	-7.92	-7.85	-7.78	-7.7	-7.61	-7.52	-7.43	-7.35	-7.26	-7.17	-7.09	-7	-6.91	-6.83	-6.74	-6.65	-6.57	-6.48	-6.39	-6.3	-6.22	-6.13	-6.04	-5.96	-5.87	-5.78	-5.72	-5.66	-5.6	-5.54	-5.48	-5.42	-5.36	-5.3	-5.24	-5.18	-5.12	-5.06	-5	-4.94	-4.88	-4.81	-4.75	-4.69	-4.63	-4.57	-4.51	-4.45	-4.39	-4.35	-4.3	-4.26	-4.22	-4.17	-4.13	-4.09	-4.04	-4	-3.96	-3.91	-3.87	-3.83	-3.78	-3.74	-3.7	-3.65	-3.61	-3.57	-3.52	-3.48	-3.43	-3.39	-3.38	-3.38	-3.37	-3.36	-3.35	-3.35	-3.34	-3.33	-3.32	-3.32	-3.31	-3.3	-3.29	-3.29	-3.28	-3.27	-3.26	-3.26	-3.25	-3.24	-3.23	-3.22	-3.22	-3.15	-3.08	-3.01	-2.94	-2.87	-2.8	-2.73	-2.66	-2.59	-2.52	-2.45	-2.38	-2.31	-2.24	-2.17	-2.1	-2.03	-1.96	-1.89	-1.82	-1.75	-1.68	-1.61	-1.59	-1.57	-1.56	-1.54	-1.52	-1.51	-1.49	-1.47	-1.46	-1.44	-1.42	-1.4	-1.39	-1.37	-1.35	-1.34	-1.32	-1.3	-1.29	-1.27	-1.25	-1.23	-1.22	-1.2	-1.18	-1.17	-1.15	-1.13	-1.12	-1.1	-1.08	-1.06	-1.05	-1.03	0	0	0	0	0
0	0	0	0	0	-10.14	-10.07	-9.99	-9.92	-9.85	-9.78	-9.71	-9.64	-9.56	-9.49	-9.42	-9.35	-9.28	-9.2	-9.13	-9.06	-8.99	-8.92	-8.84	-8.77	-8.7	-8.63	-8.56	-8.49	-8.41	-8.34	-8.27	-8.2	-8.13	-8.05	-7.98	-7.91	-7.84	-7.77	-7.7	-7.61	-7.52	-7.43	-7.35	-7.26	-7.17	-7.09	-7	-6.91	-6.83	-6.74	-6.65	-6.57	-6.48	-6.39	-6.3	-6.22	-6.13	-6.04	-5.96	-5.87	-5.78	-5.7	-5.64	-5.58	-5.52	-5.46	-5.4	-5.34	-5.29	-5.23	-5.17	-5.11	-5.05	-4.99	-4.93	-4.88	-4.82	-4.76	-4.7	-4.64	-4.58	-4.52	-4.47	-4.41	-4.35	-4.3	-4.26	-4.22	-4.17	-4.13	-4.09	-4.04	-4	-3.96	-3.91	-3.87	-3.83	-3.78	-3.74	-3.7	-3.65	-3.61	-3.57	-3.52	-3.48	-3.43	-3.39	-3.35	-3.35	-3.34	-3.34	-3.34	-3.34	-3.34	-3.33	-3.33	-3.33	-3.33	-3.33	-3.33	-3.32	-3.32	-3.32	-3.32	-3.32	-3.31	-3.31	-3.31	-3.31	-3.31	-3.3	-3.23	-3.16	-3.09	-3.02	-2.95	-2.87	-2.8	-2.73	-2.66	-2.59	-2.51	-2.44	-2.37	-2.3	-2.23	-2.16	-2.08	-2.01	-1.94	-1.87	-1.8	-1.72	-1.65	-1.64	-1.62	-1.61	-1.59	-1.58	-1.56	-1.55	-1.53	-1.52	-1.5	-1.49	-1.47	-1.46	-1.44	-1.43	-1.41	-1.4	-1.38	-1.36	-1.35	-1.33	-1.32	-1.3	-1.29	-1.27	-1.26	-1.24	-1.23	-1.21	-1.2	-1.18	-1.17	-1.15	-1.14	0	0	0	0	0
0	0	0	0	0	-10.12	-10.04	-9.97	-9.89	-9.82	-9.75	-9.67	-9.6	-9.53	-9.45	-9.38	-9.3	-9.23	-9.16	-9.08	-9.01	-8.94	-8.86	-8.79	-8.71	-8.64	-8.57	-8.49	-8.42	-8.35	-8.27	-8.2	-8.12	-8.05	-7.98	-7.9	-7.83	-7.76	-7.68	-7.61	-7.52	-7.43	-7.35	-7.26	-7.17	-7.09	-7	-6.91	-6.83	-6.74	-6.65	-6.57	-6.48	-6.39	-6.3	-6.22	-6.13	-6.04	-5.96	-5.87	-5.78	-5.7	-5.61	-5.55	-5.5	-5.44	-5.38	-5.33	-5.27	-5.21	-5.16	-5.1	-5.04	-4.98	-4.93	-4.87	-4.81	-4.76	-4.7	-4.64	-4.59	-4.53	-4.47	-4.42	-4.36	-4.3	-4.26	-4.22	-4.17	-4.13	-4.09	-4.04	-4	-3.96	-3.91	-3.87	-3.83	-3.78	-3.74	-3.7	-3.65	-3.61	-3.57	-3.52	-3.48	-3.43	-3.39	-3.35	-3.3	-3.31	-3.31	-3.32	-3.32	-3.32	-3.33	-3.33	-3.33	-3.34	-3.34	-3.35	-3.35	-3.35	-3.36	-3.36	-3.36	-3.37	-3.37	-3.38	-3.38	-3.38	-3.39	-3.39	-3.32	-3.24	-3.17	-3.1	-3.02	-2.95	-2.88	-2.8	-2.73	-2.65	-2.58	-2.51	-2.43	-2.36	-2.29	-2.21	-2.14	-2.06	-1.99	-1.92	-1.84	-1.77	-1.7	-1.68	-1.67	-1.66	-1.64	-1.63	-1.62	-1.6	-1.59	-1.58	-1.56	-1.55	-1.54	-1.52	-1.51	-1.5	-1.48	-1.47	-1.46	-1.44	-1.43	-1.42	-1.4	-1.39	-1.38	-1.36	-1.35	-1.34	-1.33	-1.31	-1.3	-1.29	-1.27	-1.26	-1.25	0	0	0	0	0
0	0	0	0	0	-10.09	-10.02	-9.94	-9.87	-9.79	-9.71	-9.64	-9.56	-9.49	-9.41	-9.34	-9.26	-9.19	-9.11	-9.03	-8.96	-8.88	-8.81	-8.73	-8.66	-8.58	-8.5	-8.43	-8.35	-8.28	-8.2	-8.13	-8.05	-7.98	-7.9	-7.82	-7.75	-7.67	-7.6	-7.52	-7.43	-7.35	-7.26	-7.17	-7.09	-7	-6.91	-6.83	-6.74	-6.65	-6.57	-6.48	-6.39	-6.3	-6.22	-6.13	-6.04	-5.96	-5.87	-5.78	-5.7	-5.61	-5.52	-5.47	-5.41	-5.36	-5.3	-5.25	-5.19	-5.14	-5.08	-5.03	-4.97	-4.92	-4.86	-4.81	-4.75	-4.7	-4.64	-4.59	-4.53	-4.48	-4.43	-4.37	-4.32	-4.26	-4.22	-4.17	-4.13	-4.09	-4.04	-4	-3.96	-3.91	-3.87	-3.83	-3.78	-3.74	-3.7	-3.65	-3.61	-3.57	-3.52	-3.48	-3.43	-3.39	-3.35	-3.3	-3.26	-3.27	-3.28	-3.29	-3.3	-3.31	-3.32	-3.33	-3.34	-3.35	-3.36	-3.36	-3.37	-3.38	-3.39	-3.4	-3.41	-3.42	-3.43	-3.44	-3.45	-3.46	-3.47	-3.48	-3.4	-3.33	-3.25	-3.18	-3.1	-3.02	-2.95	-2.87	-2.8	-2.72	-2.65	-2.57	-2.5	-2.42	-2.34	-2.27	-2.19	-2.12	-2.04	-1.97	-1.89	-1.81	-1.74	-1.73	-1.72	-1.71	-1.69	-1.68	-1.67	-1.66	-1.65	-1.64	-1.63	-1.61	-1.6	-1.59	-1.58	-1.57	-1.56	-1.55	-1.53	-1.52	-1.51	-1.5	-1.49	-1.48	-1.47	-1.46	-1.44	-1.43	-1.42	-1.41	-1.4	-1.39	-1.38	-1.36	-1.35	0	0	0	0	0
0	0	0	0	0	-10.07	-9.99	-9.91	-9.84	-9.76	-9.68	-9.6	-9.53	-9.45	-9.37	-9.29	-9.22	-9.14	-9.06	-8.98	-8.91	-8.83	-8.75	-8.67	-8.6	-8.52	-8.44	-8.36	-8.29	-8.21	-8.13	-8.05	-7.98	-7.9	-7.82	-7.74	-7.67	-7.59	-7.51	-7.43	-7.35	-7.26	-7.17	-7.09	-7	-6.91	-6.83	-6.74	-6.65	-6.57	-6.48	-6.39	-6.3	-6.22	-6.13	-6.04	-5.96	-5.87	-5.78	-5.7	-5.61	-5.52	-5.43	-5.38	-5.33	-5.28	-5.22	-5.17	-5.12	-5.06	-5.01	-4.96	-4.91	-4.85	-4.8	-4.75	-4.69	-4.64	-4.59	-4.53	-4.48	-4.43	-4.38	-4.32	-4.27	-4.22	-4.17	-4.13	-4.09	-4.04	-4	-3.96	-3.91	-3.87	-3.83	-3.78	-3.74	-3.7	-3.65	-3.61	-3.57	-3.52	-3.48	-3.43	-3.39	-3.35	-3.3	-3.26	-3.22	-3.23	-3.25	-3.26	-3.28	-3.29	-3.31	-3.32	-3.34	-3.35	-3.37	-3.38	-3.4	-3.41	-3.43	-3.44	-3.46	-3.47	-3.49	-3.5	-3.52	-3.53	-3.55	-3.57	-3.49	-3.41	-3.33	-3.26	-3.18	-3.1	-3.02	-2.95	-2.87	-2.79	-2.71	-2.64	-2.56	-2.48	-2.4	-2.33	-2.25	-2.17	-2.09	-2.02	-1.94	-1.86	-1.78	-1.77	-1.76	-1.75	-1.74	-1.74	-1.73	-1.72	-1.71	-1.7	-1.69	-1.68	-1.67	-1.66	-1.65	-1.64	-1.63	-1.62	-1.61	-1.6	-1.59	-1.58	-1.57	-1.57	-1.56	-1.55	-1.54	-1.53	-1.52	-1.51	-1.5	-1.49	-1.48	-1.47	-1.46	0	0	0	0	0
0	0	0	0	0	-10.05	-9.97	-9.89	-9.81	-9.73	-9.65	-9.57	-9.49	-9.41	-9.33	-9.25	-9.17	-9.09	-9.02	-8.94	-8.86	-8.78	-8.7	-8.62	-8.54	-8.46	-8.38	-8.3	-8.22	-8.14	-8.06	-7.98	-7.9	-7.82	-7.74	-7.67	-7.59	-7.51	-7.43	-7.35	-7.26	-7.17	-7.09	-7	-6.91	-6.83	-6.74	-6.65	-6.57	-6.48	-6.39	-6.3	-6.22	-6.13	-6.04	-5.96	-5.87	-5.78	-5.7	-5.61	-5.52	-5.43	-5.35	-5.3	-5.25	-5.19	-5.14	-5.09	-5.04	-4.99	-4.94	-4.89	-4.84	-4.79	-4.74	-4.68	-4.63	-4.58	-4.53	-4.48	-4.43	-4.38	-4.33	-4.28	-4.22	-4.17	-4.13	-4.09	-4.04	-4	-3.96	-3.91	-3.87	-3.83	-3.78	-3.74	-3.7	-3.65	-3.61	-3.57	-3.52	-3.48	-3.43	-3.39	-3.35	-3.3	-3.26	-3.22	-3.17	-3.19	-3.22	-3.24	-3.26	-3.28	-3.3	-3.32	-3.34	-3.36	-3.38	-3.4	-3.42	-3.44	-3.47	-3.49	-3.51	-3.53	-3.55	-3.57	-3.59	-3.61	-3.63	-3.65	-3.57	-3.49	-3.41	-3.33	-3.26	-3.18	-3.1	-3.02	-2.94	-2.86	-2.78	-2.7	-2.62	-2.54	-2.46	-2.38	-2.3	-2.22	-2.14	-2.06	-1.98	-1.91	-1.83	-1.82	-1.81	-1.8	-1.8	-1.79	-1.78	-1.77	-1.77	-1.76	-1.75	-1.74	-1.74	-1.73	-1.72	-1.71	-1.71	-1.7	-1.69	-1.68	-1.67	-1.67	-1.66	-1.65	-1.64	-1.64	-1.63	-1.62	-1.61	-1.61	-1.6	-1.59	-1.58	-1.58	-1.57	0	0	0	0	0
0	0	0	0	0	-10.02	-9.94	-9.86	-9.78	-9.7	-9.62	-9.54	-9.46	-9.37	-9.29	-9.21	-9.13	-9.05	-8.97	-8.89	-8.81	-8.72	-8.64	-8.56	-8.48	-8.4	-8.32	-8.24	-8.16	-8.07	-7.99	-7.91	-7.83	-7.75	-7.67	-7.59	-7.5	-7.42	-7.34	-7.26	-7.17	-7.09	-7	-6.91	-6.83	-6.74	-6.65	-6.57	-6.48	-6.39	-6.3	-6.22	-6.13	-6.04	-5.96	-5.87	-5.78	-5.7	-5.61	-5.52	-5.43	-5.35	-5.26	-5.21	-5.16	-5.11	-5.06	-5.02	-4.97	-4.92	-4.87	-4.82	-4.77	-4.72	-4.67	-4.62	-4.57	-4.52	-4.47	-4.43	-4.38	-4.33	-4.28	-4.23	-4.18	-4.13	-4.09	-4.04	-4	-3.96	-3.91	-3.87	-3.83	-3.78	-3.74	-3.7	-3.65	-3.61	-3.57	-3.52	-3.48	-3.43	-3.39	-3.35	-3.3	-3.26	-3.22	-3.17	-3.13	-3.16	-3.18	-3.21	-3.24	-3.26	-3.29	-3.32	-3.34	-3.37	-3.4	-3.42	-3.45	-3.47	-3.5	-3.53	-3.55	-3.58	-3.61	-3.63	-3.66	-3.69	-3.71	-3.74	-3.66	-3.58	-3.5	-3.41	-3.33	-3.25	-3.17	-3.09	-3.01	-2.93	-2.84	-2.76	-2.68	-2.6	-2.52	-2.44	-2.36	-2.28	-2.19	-2.11	-2.03	-1.95	-1.87	-1.86	-1.86	-1.85	-1.85	-1.84	-1.84	-1.83	-1.82	-1.82	-1.81	-1.81	-1.8	-1.8	-1.79	-1.78	-1.78	-1.77	-1.77	-1.76	-1.76	-1.75	-1.74	-1.74	-1.73	-1.73	-1.72	-1.72	-1.71	-1.71	-1.7	-1.69	-1.69	-1.68	-1.68	0	0	0	0	0
0	0	0	0	0	-10	-9.92	-9.84	-9.75	-9.67	-9.59	-9.5	-9.42	-9.34	-9.25	-9.17	-9.09	-9	-8.92	-8.84	-8.75	-8.67	-8.59	-8.5	-8.42	-8.34	-8.26	-8.17	-8.09	-8.01	-7.92	-7.84	-7.76	-7.67	-7.59	-7.51	-7.42	-7.34	-7.26	-7.17	-7.09	-7	-6.91	-6.83	-6.74	-6.65	-6.57	-6.48	-6.39	-6.3	-6.22	-6.13	-6.04	-5.96	-5.87	-5.78	-5.7	-5.61	-5.52	-5.43	-5.35	-5.26	-5.17	-5.13	-5.08	-5.03	-4.98	-4.94	-4.89	-4.84	-4.8	-4.75	-4.7	-4.65	-4.61	-4.56	-4.51	-4.47	-4.42	-4.37	-4.32	-4.28	-4.23	-4.18	-4.13	-4.09	-4.04	-4	-3.96	-3.91	-3.87	-3.83	-3.78	-3.74	-3.7	-3.65	-3.61	-3.57	-3.52	-3.48	-3.43	-3.39	-3.35	-3.3	-3.26	-3.22	-3.17	-3.13	-3.09	-3.12	-3.15	-3.18	-3.22	-3.25	-3.28	-3.31	-3.34	-3.38	-3.41	-3.44	-3.47	-3.5	-3.54	-3.57	-3.6	-3.63	-3.67	-3.7	-3.73	-3.76	-3.79	-3.83	-3.74	-3.66	-3.58	-3.49	-3.41	-3.33	-3.24	-3.16	-3.08	-2.99	-2.91	-2.83	-2.74	-2.66	-2.58	-2.5	-2.41	-2.33	-2.25	-2.16	-2.08	-2	-1.91	-1.91	-1.91	-1.9	-1.9	-1.89	-1.89	-1.89	-1.88	-1.88	-1.88	-1.87	-1.87	-1.86	-1.86	-1.86	-1.85	-1.85	-1.84	-1.84	-1.84	-1.83	-1.83	-1.83	-1.82	-1.82	-1.81	-1.81	-1.81	-1.8	-1.8	-1.8	-1.79	-1.79	-1.78	0	0	0	0	0
0	0	0	0	0	-9.98	-9.89	-9.81	-9.72	-9.64	-9.55	-9.47	-9.38	-9.3	-9.21	-9.13	-9.04	-8.96	-8.87	-8.79	-8.7	-8.62	-8.53	-8.45	-8.36	-8.28	-8.19	-8.11	-8.02	-7.94	-7.85	-7.77	-7.68	-7.6	-7.51	-7.43	-7.34	-7.26	-7.17	-7.09	-7	-6.91	-6.83	-6.74	-6.65	-6.57	-6.48	-6.39	-6.3	-6.22	-6.13	-6.04	-5.96	-5.87	-5.78	-5.7	-5.61	-5.52	-5.43	-5.35	-5.26	-5.17	-5.09	-5.04	-5	-4.95	-4.91	-4.86	-4.81	-4.77	-4.72	-4.68	-4.63	-4.59	-4.54	-4.5	-4.45	-4.41	-4.36	-4.32	-4.27	-4.22	-4.18	-4.13	-4.09	-4.04	-4	-3.96	-3.91	-3.87	-3.83	-3.78	-3.74	-3.7	-3.65	-3.61	-3.57	-3.52	-3.48	-3.43	-3.39	-3.35	-3.3	-3.26	-3.22	-3.17	-3.13	-3.09	-3.04	-3.08	-3.12	-3.16	-3.19	-3.23	-3.27	-3.31	-3.35	-3.38	-3.42	-3.46	-3.5	-3.53	-3.57	-3.61	-3.65	-3.69	-3.72	-3.76	-3.8	-3.84	-3.88	-3.91	-3.83	-3.74	-3.66	-3.57	-3.49	-3.4	-3.32	-3.23	-3.15	-3.06	-2.98	-2.89	-2.81	-2.72	-2.64	-2.55	-2.47	-2.38	-2.3	-2.21	-2.13	-2.04	-1.96	-1.95	-1.95	-1.95	-1.95	-1.95	-1.95	-1.94	-1.94	-1.94	-1.94	-1.94	-1.93	-1.93	-1.93	-1.93	-1.93	-1.92	-1.92	-1.92	-1.92	-1.92	-1.91	-1.91	-1.91	-1.91	-1.91	-1.91	-1.9	-1.9	-1.9	-1.9	-1.9	-1.89	-1.89	0	0	0	0	0
0	0	0	0	0	-9.96	-9.87	-9.78	-9.7	-9.61	-9.52	-9.43	-9.35	-9.26	-9.17	-9.09	-9	-8.91	-8.83	-8.74	-8.65	-8.57	-8.48	-8.39	-8.3	-8.22	-8.13	-8.04	-7.96	-7.87	-7.78	-7.7	-7.61	-7.52	-7.43	-7.35	-7.26	-7.17	-7.09	-7	-6.91	-6.83	-6.74	-6.65	-6.57	-6.48	-6.39	-6.3	-6.22	-6.13	-6.04	-5.96	-5.87	-5.78	-5.7	-5.61	-5.52	-5.43	-5.35	-5.26	-5.17	-5.09	-5	-4.96	-4.91	-4.87	-4.83	-4.78	-4.74	-4.7	-4.65	-4.61	-4.57	-4.52	-4.48	-4.43	-4.39	-4.35	-4.3	-4.26	-4.22	-4.17	-4.13	-4.09	-4.04	-4	-3.96	-3.91	-3.87	-3.83	-3.78	-3.74	-3.7	-3.65	-3.61	-3.57	-3.52	-3.48	-3.43	-3.39	-3.35	-3.3	-3.26	-3.22	-3.17	-3.13	-3.09	-3.04	-3	-3.04	-3.09	-3.13	-3.17	-3.22	-3.26	-3.3	-3.35	-3.39	-3.43	-3.48	-3.52	-3.57	-3.61	-3.65	-3.7	-3.74	-3.78	-3.83	-3.87	-3.91	-3.96	-4	-3.91	-3.83	-3.74	-3.65	-3.57	-3.48	-3.39	-3.3	-3.22	-3.13	-3.04	-2.96	-2.87	-2.78	-2.7	-2.61	-2.52	-2.43	-2.35	-2.26	-2.17	-2.09	-2	-2	-2	-2	-2	-2	-2	-2	-2	-2	-2	-2	-2	-2	-2	-2	-2	-2	-2	-2	-2	-2	-2	-2	-2	-2	-2	-2	-2	-2	-2	-2	-2	-2	-2	0	0	0	0	0
