0	0	0	0	0	0	0	0	0	0	0	0	0	0	0	0	0	0	0	0	0	0	0	0	0	0	0	0	0	0	0	0	0	0	0	0	0	0	0	0	0	0	0	0	0	0	0	0	0	0	0	0	0	0	0	0	0	0	0	0	0	0	0	0	0	0	0	0	0	0	0	0	0	0	0	0	0	0	0	0	0	0	0	0	0	0	0	0	0	0	0	0	0	0	0	0	0	0	0	0	0	0	0	0	0	0	0	0	0	0	0	0	0	0	0	0	0	0	0	0	0	0	0	0	0	0	0	0	0	0	0	0	0	0	0	0	0	0	0	0	0	0	0	0	0	0	0	0	0	0	0	0	0	0	0	0	0	0	0	0	0	0	0	0	0	0	0	0	0	0	0	0	0	0	0	0	0	0	0	0	0	0	0	0	0	0	0	0	0	0	0	0	0	0	0	0	0	0	0	0	0	0	0	0	0	0	0	0	0	0	0	0	0	0	0	0	0
0	0	0	0	0	0	0	0	0	0	0	0	0	0	0	0	0	0	0	0	0	0	0	0	0	0	0	0	0	0	0	0	0	0	0	0	0	0	0	0	0	0	0	0	0	0	0	0	0	0	0	0	0	0	0	0	0	0	0	0	0	0	0	0	0	0	0	0	0	0	0	0	0	0	0	0	0	0	0	0	0	0	0	0	0	0	0	0	0	0	0	0	0	0	0	0	0	0	0	0	0	0	0	0	0	0	0	0	0	0	0	0	0	0	0	0	0	0	0	0	0	0	0	0	0	0	0	0	0	0	0	0	0	0	0	0	0	0	0	0	0	0	0	0	0	0	0	0	0	0	0	0	0	0	0	0	0	0	0	0	0	0	0	0	0	0	0	0	0	0	0	0	0	0	0	0	0	0	0	0	0	0	0	0	0	0	0	0	0	0	0	0	0	0	0	0	0	0	0	0	0	0	0	0	0	0	0	0	0	0	0	0	0	0	0	0	0
0	0	0	0	0	0	0	0	0	0	0	0	0	0	0	0	0	0	0	0	0	0	0	0	0	0	0	0	0	0	0	0	0	0	0	0	0	0	0	0	0	0	0	0	0	0	0	0	0	0	0	0	0	0	0	0	0	0	0	0	0	0	0	0	0	0	0	0	0	0	0	0	0	0	0	0	0	0	0	0	0	0	0	0	0	0	0	0	0	0	0	0	0	0	0	0	0	0	0	0	0	0	0	0	0	0	0	0	0	0	0	0	0	0	0	0	0	0	0	0	0	0	0	0	0	0	0	0	0	0	0	0	0	0	0	0	0	0	0	0	0	0	0	0	0	0	0	0	0	0	0	0	0	0	0	0	0	0	0	0	0	0	0	0	0	0	0	0	0	0	0	0	0	0	0	0	0	0	0	0	0	0	0	0	0	0	0	0	0	0	0	0	0	0	0	0	0	0	0	0	0	0	0	0	0	0	0	0	0	0	0	0	0	0	0	0	0
0	0	0	0	0	0	0	0	0	0	0	0	0	0	0	0	0	0	0	0	0	0	0	0	0	0	0	0	0	0	0	0	0	0	0	0	0	0	0	0	0	0	0	0	0	0	0	0	0	0	0	0	0	0	0	0	0	0	0	0	0	0	0	0	0	0	0	0	0	0	0	0	0	0	0	0	0	0	0	0	0	0	0	0	0	0	0	0	0	0	0	0	0	0	0	0	0	0	0	0	0	0	0	0	0	0	0	0	0	0	0	0	0	0	0	0	0	0	0	0	0	0	0	0	0	0	0	0	0	0	0	0	0	0	0	0	0	0	0	0	0	0	0	0	0	0	0	0	0	0	0	0	0	0	0	0	0	0	0	0	0	0	0	0	0	0	0	0	0	0	0	0	0	0	0	0	0	0	0	0	0	0	0	0	0	0	0	0	0	0	0	0	0	0	0	0	0	0	0	0	0	0	0	0	0	0	0	0	0	0	0	0	0	0	0	0	0
0	0	0	0	0	0	0	0	0	0	0	0	0	0	0	0	0	0	0	0	0	0	0	0	0	0	0	0	0	0	0	0	0	0	0	0	0	0	0	0	0	0	0	0	0	0	0	0	0	0	0	0	0	0	0	0	0	0	0	0	0	0	0	0	0	0	0	0	0	0	0	0	0	0	0	0	0	0	0	0	0	0	0	0	0	0	0	0	0	0	0	0	0	0	0	0	0	0	0	0	0	0	0	0	0	0	0	0	0	0	0	0	0	0	0	0	0	0	0	0	0	0	0	0	0	0	0	0	0	0	0	0	0	0	0	0	0	0	0	0	0	0	0	0	0	0	0	0	0	0	0	0	0	0	0	0	0	0	0	0	0	0	0	0	0	0	0	0	0	0	0	0	0	0	0	0	0	0	0	0	0	0	0	0	0	0	0	0	0	0	0	0	0	0	0	0	0	0	0	0	0	0	0	0	0	0	0	0	0	0	0	0	0	0	0	0	0
0	0	0	0	0	-3.77	-3.79	-3.81	-3.83	-3.85	-3.88	-3.9	-3.92	-3.94	-3.96	-3.98	-4	-4.02	-4.04	-4.06	-4.08	-4.1	-4.12	-4.15	-4.17	-4.19	-4.21	-4.23	-4.25	-4.27	-4.29	-4.31	-4.33	-4.35	-4.37	-4.4	-4.42	-4.44	-4.46	-4.48	-4.46	-4.44	-4.42	-4.4	-4.37	-4.35	-4.33	-4.31	-4.29	-4.27	-4.25	-4.23	-4.21	-4.19	-4.17	-4.15	-4.12	-4.1	-4.08	-4.06	-4.04	-4.02	-4	-4.07	-4.13	-4.2	-4.26	-4.33	-4.4	-4.46	-4.53	-4.6	-4.66	-4.73	-4.79	-4.86	-4.93	-4.99	-5.06	-5.12	-5.19	-5.26	-5.32	-5.39	-5.46	-5.52	-5.61	-5.69	-5.78	-5.86	-5.95	-6.03	-6.12	-6.2	-6.29	-6.37	-6.46	-6.54	-6.63	-6.71	-6.8	-6.88	-6.97	-7.05	-7.14	-7.22	-7.31	-7.39	-7.48	-7.37	-7.26	-7.16	-7.05	-6.94	-6.83	-6.72	-6.62	-6.51	-6.4	-6.29	-6.19	-6.08	-5.97	-5.86	-5.75	-5.65	-5.54	-5.43	-5.32	-5.22	-5.11	-5	-5.04	-5.08	-5.12	-5.17	-5.21	-5.25	-5.29	-5.33	-5.37	-5.42	-5.46	-5.5	-5.54	-5.58	-5.62	-5.67	-5.71	-5.75	-5.79	-5.83	-5.87	-5.91	-5.96	-5.87	-5.79	-5.7	-5.62	-5.53	-5.45	-5.36	-5.28	-5.19	-5.11	-5.02	-4.94	-4.85	-4.77	-4.68	-4.6	-4.51	-4.43	-4.34	-4.26	-4.17	-4.09	-4	-3.76	-3.53	-3.29	-3.05	-2.82	-2.58	-2.35	-2.11	-1.87	-1.64	-1.4	-1.16	-0.93	-0.69	-0.46	-0.22	0	0	0	0	0	0	0	0	0	0	0	0	0	0	0	0	0	0	0	0	0	0	0
0	0	0	0	0	-3.79	-3.81	-3.83	-3.85	-3.87	-3.89	-3.91	-3.92	-3.94	-3.96	-3.98	-4	-4.02	-4.04	-4.06	-4.08	-4.09	-4.11	-4.13	-4.15	-4.17	-4.19	-4.21	-4.23	-4.25	-4.26	-4.28	-4.3	-4.32	-4.34	-4.36	-4.38	-4.4	-4.42	-4.43	-4.42	-4.4	-4.38	-4.36	-4.34	-4.32	-4.3	-4.28	-4.26	-4.25	-4.23	-4.21	-4.19	-4.17	-4.15	-4.13	-4.11	-4.09	-4.08	-4.06	-4.04	-4.02	-4	-4.07	-4.14	-4.2	-4.27	-4.34	-4.41	-4.48	-4.54	-4.61	-4.68	-4.75	-4.82	-4.88	-4.95	-5.02	-5.09	-5.16	-5.22	-5.29	-5.36	-5.43	-5.5	-5.57	-5.65	-5.73	-5.81	-5.89	-5.97	-6.05	-6.13	-6.22	-6.3	-6.38	-6.46	-6.54	-6.62	-6.7	-6.78	-6.87	-6.95	-7.03	-7.11	-7.19	-7.27	-7.35	-7.43	-7.33	-7.22	-7.12	-7.01	-6.91	-6.8	-6.69	-6.59	-6.48	-6.38	-6.27	-6.16	-6.06	-5.95	-5.85	-5.74	-5.64	-5.53	-5.42	-5.32	-5.21	-5.11	-5	-5.04	-5.08	-5.11	-5.15	-5.19	-5.23	-5.26	-5.3	-5.34	-5.38	-5.42	-5.45	-5.49	-5.53	-5.57	-5.6	-5.64	-5.68	-5.72	-5.76	-5.79	-5.83	-5.87	-5.79	-5.71	-5.63	-5.54	-5.46	-5.38	-5.3	-5.22	-5.14	-5.06	-4.98	-4.89	-4.81	-4.73	-4.65	-4.57	-4.49	-4.41	-4.33	-4.24	-4.16	-4.08	-4	-3.77	-3.54	-3.31	-3.08	-2.85	-2.62	-2.39	-2.16	-1.92	-1.69	-1.46	-1.23	-1	-0.77	-0.54	-0.31	-0.08	0	0	0	0	0	0	0	0	0	0	0	0	0	0	0	0	0	0	0	0	0	0
0	0	0	0	0	-3.81	-3.83	-3.85	-3.86	-3.88	-3.9	-3.91	-3.93	-3.95	-3.97	-3.98	-4	-4.02	-4.03	-4.05	-4.07	-4.09	-4.1	-4.12	-4.14	-4.15	-4.17	-4.19	-4.2	-4.22	-4.24	-4.26	-4.27	-4.29	-4.31	-4.32	-4.34	-4.36	-4.37	-4.39	-4.37	-4.36	-4.34	-4.32	-4.31	-4.29	-4.27	-4.26	-4.24	-4.22	-4.2	-4.19	-4.17	-4.15	-4.14	-4.12	-4.1	-4.09	-4.07	-4.05	-4.03	-4.02	-4	-4.07	-4.14	-4.21	-4.28	-4.35	-4.42	-4.49	-4.56	-4.63	-4.7	-4.77	-4.84	-4.91	-4.98	-5.05	-5.12	-5.19	-5.26	-5.33	-5.4	-5.47	-5.54	-5.61	-5.69	-5.76	-5.84	-5.92	-6	-6.07	-6.15	-6.23	-6.31	-6.38	-6.46	-6.54	-6.62	-6.69	-6.77	-6.85	-6.93	-7	-7.08	-7.16	-7.24	-7.31	-7.39	-7.29	-7.18	-7.08	-6.98	-6.87	-6.77	-6.66	-6.56	-6.46	-6.35	-6.25	-6.14	-6.04	-5.94	-5.83	-5.73	-5.62	-5.52	-5.42	-5.31	-5.21	-5.1	-5	-5.03	-5.07	-5.1	-5.14	-5.17	-5.2	-5.24	-5.27	-5.31	-5.34	-5.37	-5.41	-5.44	-5.48	-5.51	-5.54	-5.58	-5.61	-5.65	-5.68	-5.71	-5.75	-5.78	-5.71	-5.63	-5.55	-5.47	-5.4	-5.32	-5.24	-5.16	-5.09	-5.01	-4.93	-4.85	-4.78	-4.7	-4.62	-4.54	-4.47	-4.39	-4.31	-4.23	-4.16	-4.08	-4	-3.78	-3.55	-3.33	-3.1	-2.88	-2.65	-2.43	-2.2	-1.98	-1.75	-1.53	-1.3	-1.08	-0.85	-0.63	-0.4	-0.18	0	0	0	0	0	0	0	0	0	0	0	0	0	0	0	0	0	0	0	0	0	0
0	0	0	0	0	-3.83	-3.85	-3.86	-3.88	-3.89	-3.91	-3.92	-3.94	-3.95	-3.97	-3.98	-4	-4.02	-4.03	-4.05	-4.06	-4.08	-4.09	-4.11	-4.12	-4.14	-4.15	-4.17	-4.18	-4.2	-4.21	-4.23	-4.24	-4.26	-4.27	-4.29	-4.3	-4.32	-4.33	-4.35	-4.33	-4.32	-4.3	-4.29	-4.27	-4.26	-4.24	-4.23	-4.21	-4.2	-4.18	-4.17	-4.15	-4.14	-4.12	-4.11	-4.09	-4.08	-4.06	-4.05	-4.03	-4.02	-4	-4.07	-4.14	-4.22	-4.29	-4.36	-4.43	-4.5	-4.57	-4.65	-4.72	-4.79	-4.86	-4.93	-5.01	-5.08	-5.15	-5.22	-5.29	-5.36	-5.44	-5.51	-5.58	-5.65	-5.73	-5.8	-5.87	-5.95	-6.02	-6.09	-6.17	-6.24	-6.32	-6.39	-6.46	-6.54	-6.61	-6.68	-6.76	-6.83	-6.91	-6.98	-7.05	-7.13	-7.2	-7.27	-7.35	-7.25	-7.14	-7.04	-6.94	-6.84	-6.74	-6.63	-6.53	-6.43	-6.33	-6.22	-6.12	-6.02	-5.92	-5.82	-5.71	-5.61	-5.51	-5.41	-5.31	-5.2	-5.1	-5	-5.03	-5.06	-5.09	-5.12	-5.15	-5.18	-5.21	-5.24	-5.27	-5.3	-5.33	-5.36	-5.39	-5.42	-5.45	-5.48	-5.51	-5.54	-5.57	-5.6	-5.64	-5.67	-5.7	-5.62	-5.55	-5.47	-5.4	-5.33	-5.25	-5.18	-5.11	-5.03	-4.96	-4.88	-4.81	-4.74	-4.66	-4.59	-4.52	-4.44	-4.37	-4.29	-4.22	-4.15	-4.07	-4	-3.78	-3.56	-3.34	-3.12	-2.9	-2.68	-2.47	-2.25	-2.03	-1.81	-1.59	-1.37	-1.15	-0.93	-0.71	-0.49	-0.27	-0.05	0	0	0	0	0	0	0	0	0	0	0	0	0	0	0	0	0	0	0	0	0
0	0	0	0	0	-3.85	-3.87	-3.88	-3.89	-3.91	-3.92	-3.93	-3.95	-3.96	-3.97	-3.99	-4	-4.01	-4.03	-4.04	-4.05	-4.07	-4.08	-4.09	-4.11	-4.12	-4.13	-4.15	-4.16	-4.17	-4.19	-4.2	-4.21	-4.22	-4.24	-4.25	-4.26	-4.28	-4.29	-4.3	-4.29	-4.28	-4.26	-4.25	-4.24	-4.22	-4.21	-4.2	-4.19	-4.17	-4.16	-4.15	-4.13	-4.12	-4.11	-4.09	-4.08	-4.07	-4.05	-4.04	-4.03	-4.01	-4	-4.07	-4.15	-4.22	-4.29	-4.37	-4.44	-4.52	-4.59	-4.66	-4.74	-4.81	-4.88	-4.96	-5.03	-5.11	-5.18	-5.25	-5.33	-5.4	-5.47	-5.55	-5.62	-5.7	-5.77	-5.84	-5.91	-5.98	-6.05	-6.12	-6.19	-6.26	-6.33	-6.4	-6.47	-6.53	-6.6	-6.67	-6.74	-6.81	-6.88	-6.95	-7.02	-7.09	-7.16	-7.23	-7.3	-7.2	-7.1	-7	-6.9	-6.8	-6.7	-6.6	-6.5	-6.4	-6.3	-6.2	-6.1	-6	-5.9	-5.8	-5.7	-5.6	-5.5	-5.4	-5.3	-5.2	-5.1	-5	-5.03	-5.05	-5.08	-5.11	-5.13	-5.16	-5.19	-5.21	-5.24	-5.26	-5.29	-5.32	-5.34	-5.37	-5.4	-5.42	-5.45	-5.48	-5.5	-5.53	-5.56	-5.58	-5.61	-5.54	-5.47	-5.4	-5.33	-5.26	-5.19	-5.12	-5.05	-4.98	-4.91	-4.84	-4.77	-4.7	-4.63	-4.56	-4.49	-4.42	-4.35	-4.28	-4.21	-4.14	-4.07	-4	-3.79	-3.57	-3.36	-3.15	-2.93	-2.72	-2.5	-2.29	-2.08	-1.86	-1.65	-1.44	-1.22	-1.01	-0.8	-0.58	-0.37	-0.16	0	0	0	0	0	0	0	0	0	0	0	0	0	0	0	0	0	0	0	0	0
0	0	0	0	0	-3.88	-3.89	-3.9	-3.91	-3.92	-3.93	-3.94	-3.95	-3.97	-3.98	-3.99	-4	-4.01	-4.02	-4.03	-4.05	-4.06	-4.07	-4.08	-4.09	-4.1	-4.11	-4.12	-4.14	-4.15	-4.16	-4.17	-4.18	-4.19	-4.2	-4.22	-4.23	-4.24	-4.25	-4.26	-4.25	-4.24	-4.23	-4.22	-4.2	-4.19	-4.18	-4.17	-4.16	-4.15	-4.14	-4.12	-4.11	-4.1	-4.09	-4.08	-4.07	-4.06	-4.05	-4.03	-4.02	-4.01	-4	-4.08	-4.15	-4.23	-4.3	-4.38	-4.45	-4.53	-4.6	-4.68	-4.76	-4.83	-4.91	-4.98	-5.06	-5.13	-5.21	-5.29	-5.36	-5.44	-5.51	-5.59	-5.66	-5.74	-5.81	-5.87	-5.94	-6	-6.07	-6.14	-6.2	-6.27	-6.33	-6.4	-6.47	-6.53	-6.6	-6.67	-6.73	-6.8	-6.86	-6.93	-7	-7.06	-7.13	-7.19	-7.26	-7.16	-7.06	-6.97	-6.87	-6.77	-6.67	-6.57	-6.47	-6.38	-6.28	-6.18	-6.08	-5.98	-5.88	-5.79	-5.69	-5.59	-5.49	-5.39	-5.29	-5.2	-5.1	-5	-5.02	-5.05	-5.07	-5.09	-5.11	-5.14	-5.16	-5.18	-5.2	-5.23	-5.25	-5.27	-5.29	-5.32	-5.34	-5.36	-5.39	-5.41	-5.43	-5.45	-5.48	-5.5	-5.52	-5.46	-5.39	-5.32	-5.26	-5.19	-5.12	-5.06	-4.99	-4.93	-4.86	-4.79	-4.73	-4.66	-4.6	-4.53	-4.46	-4.4	-4.33	-4.26	-4.2	-4.13	-4.07	-4	-3.79	-3.58	-3.38	-3.17	-2.96	-2.75	-2.54	-2.34	-2.13	-1.92	-1.71	-1.5	-1.3	-1.09	-0.88	-0.67	-0.47	-0.26	-0.05	0	0	0	0	0	0	0	0	0	0	0	0	0	0	0	0	0	0	0	0
0	0	0	0	0	-3.9	-3.91	-3.91	-3.92	-3.93	-3.94	-3.95	-3.96	-3.97	-3.98	-3.99	-4	-4.01	-4.02	-4.03	-4.04	-4.05	-4.06	-4.07	-4.08	-4.09	-4.09	-4.1	-4.11	-4.12	-4.13	-4.14	-4.15	-4.16	-4.17	-4.18	-4.19	-4.2	-4.21	-4.22	-4.21	-4.2	-4.19	-4.18	-4.17	-4.16	-4.15	-4.14	-4.13	-4.12	-4.11	-4.1	-4.09	-4.09	-4.08	-4.07	-4.06	-4.05	-4.04	-4.03	-4.02	-4.01	-4	-4.08	-4.16	-4.23	-4.31	-4.39	-4.47	-4.54	-4.62	-4.7	-4.78	-4.85	-4.93	-5.01	-5.09	-5.16	-5.24	-5.32	-5.4	-5.47	-5.55	-5.63	-5.71	-5.78	-5.84	-5.91	-5.97	-6.03	-6.09	-6.16	-6.22	-6.28	-6.34	-6.41	-6.47	-6.53	-6.59	-6.66	-6.72	-6.78	-6.84	-6.91	-6.97	-7.03	-7.09	-7.16	-7.22	-7.12	-7.02	-6.93	-6.83	-6.74	-6.64	-6.54	-6.45	-6.35	-6.25	-6.16	-6.06	-5.96	-5.87	-5.77	-5.67	-5.58	-5.48	-5.39	-5.29	-5.19	-5.1	-5	-5.02	-5.04	-5.06	-5.08	-5.09	-5.11	-5.13	-5.15	-5.17	-5.19	-5.21	-5.23	-5.25	-5.26	-5.28	-5.3	-5.32	-5.34	-5.36	-5.38	-5.4	-5.42	-5.43	-5.37	-5.31	-5.25	-5.19	-5.12	-5.06	-5	-4.94	-4.87	-4.81	-4.75	-4.69	-4.62	-4.56	-4.5	-4.44	-4.37	-4.31	-4.25	-4.19	-4.12	-4.06	-4	-3.8	-3.6	-3.39	-3.19	-2.99	-2.79	-2.58	-2.38	-2.18	-1.98	-1.78	-1.57	-1.37	-1.17	-0.97	-0.76	-0.56	-0.36	-0.16	0	0	0	0	0	0	0	0	0	0	0	0	0	0	0	0	0	0	0	0
0	0	0	0	0	-3.92	-3.92	-3.93	-3.94	-3.95	-3.95	-3.96	-3.97	-3.98	-3.98	-3.99	-4	-4.01	-4.02	-4.02	-4.03	-4.04	-4.05	-4.05	-4.06	-4.07	-4.08	-4.08	-4.09	-4.1	-4.11	-4.11	-4.12	-4.13	-4.14	-4.14	-4.15	-4.16	-4.17	-4.17	-4.17	-4.16	-4.15	-4.14	-4.14	-4.13	-4.12	-4.11	-4.11	-4.1	-4.09	-4.08	-4.08	-4.07	-4.06	-4.05	-4.05	-4.04	-4.03	-4.02	-4.02	-4.01	-4	-4.08	-4.16	-4.24	-4.32	-4.4	-4.48	-4.56	-4.64	-4.71	-4.79	-4.87	-4.95	-5.03	-5.11	-5.19	-5.27	-5.35	-5.43	-5.51	-5.59	-5.67	-5.75	-5.83	-5.88	-5.94	-6	-6.06	-6.12	-6.18	-6.24	-6.29	-6.35	-6.41	-6.47	-6.53	-6.59	-6.65	-6.71	-6.76	-6.82	-6.88	-6.94	-7	-7.06	-7.12	-7.17	-7.08	-6.98	-6.89	-6.8	-6.7	-6.61	-6.51	-6.42	-6.32	-6.23	-6.13	-6.04	-5.95	-5.85	-5.76	-5.66	-5.57	-5.47	-5.38	-5.28	-5.19	-5.09	-5	-5.02	-5.03	-5.05	-5.06	-5.08	-5.09	-5.11	-5.12	-5.14	-5.15	-5.17	-5.18	-5.2	-5.21	-5.23	-5.24	-5.26	-5.27	-5.29	-5.3	-5.32	-5.33	-5.35	-5.29	-5.23	-5.17	-5.11	-5.05	-5	-4.94	-4.88	-4.82	-4.76	-4.7	-4.64	-4.59	-4.53	-4.47	-4.41	-4.35	-4.29	-4.23	-4.18	-4.12	-4.06	-4	-3.8	-3.61	-3.41	-3.21	-3.02	-2.82	-2.62	-2.43	-2.23	-2.03	-1.84	-1.64	-1.44	-1.25	-1.05	-0.85	-0.66	-0.46	-0.26	-0.07	0	0	0	0	0	0	0	0	0	0	0	0	0	0	0	0	0	0	0
0	0	0	0	0	-3.94	-3.94	-3.95	-3.95	-3.96	-3.97	-3.97	-3.98	-3.98	-3.99	-3.99	-4	-4.01	-4.01	-4.02	-4.02	-4.03	-4.03	-4.04	-4.05	-4.05	-4.06	-4.06	-4.07	-4.07	-4.08	-4.09	-4.09	-4.1	-4.1	-4.11	-4.11	-4.12	-4.12	-4.13	-4.12	-4.12	-4.11	-4.11	-4.1	-4.1	-4.09	-4.09	-4.08	-4.07	-4.07	-4.06	-4.06	-4.05	-4.05	-4.04	-4.03	-4.03	-4.02	-4.02	-4.01	-4.01	-4	-4.08	-4.16	-4.24	-4.33	-4.41	-4.49	-4.57	-4.65	-4.73	-4.81	-4.89	-4.98	-5.06	-5.14	-5.22	-5.3	-5.38	-5.46	-5.54	-5.63	-5.71	-5.79	-5.87	-5.92	-5.98	-6.03	-6.09	-6.14	-6.2	-6.25	-6.31	-6.36	-6.42	-6.47	-6.53	-6.58	-6.64	-6.69	-6.75	-6.8	-6.86	-6.91	-6.97	-7.02	-7.08	-7.13	-7.04	-6.95	-6.85	-6.76	-6.67	-6.57	-6.48	-6.39	-6.3	-6.2	-6.11	-6.02	-5.93	-5.83	-5.74	-5.65	-5.56	-5.46	-5.37	-5.28	-5.19	-5.09	-5	-5.01	-5.02	-5.03	-5.05	-5.06	-5.07	-5.08	-5.09	-5.1	-5.11	-5.12	-5.14	-5.15	-5.16	-5.17	-5.18	-5.19	-5.2	-5.22	-5.23	-5.24	-5.25	-5.26	-5.21	-5.15	-5.1	-5.04	-4.99	-4.93	-4.88	-4.82	-4.77	-4.71	-4.66	-4.6	-4.55	-4.49	-4.44	-4.38	-4.33	-4.27	-4.22	-4.16	-4.11	-4.05	-4	-3.81	-3.62	-3.43	-3.24	-3.05	-2.85	-2.66	-2.47	-2.28	-2.09	-1.9	-1.71	-1.52	-1.33	-1.14	-0.95	-0.75	-0.56	-0.37	-0.18	0	0	0	0	0	0	0	0	0	0	0	0	0	0	0	0	0	0	0
0	0	0	0	0	-3.96	-3.96	-3.97	-3.97	-3.97	-3.98	-3.98	-3.98	-3.99	-3.99	-4	-4	-4	-4.01	-4.01	-4.02	-4.02	-4.02	-4.03	-4.03	-4.03	-4.04	-4.04	-4.05	-4.05	-4.05	-4.06	-4.06	-4.06	-4.07	-4.07	-4.08	-4.08	-4.08	-4.09	-4.08	-4.08	-4.08	-4.07	-4.07	-4.06	-4.06	-4.06	-4.05	-4.05	-4.05	-4.04	-4.04	-4.03	-4.03	-4.03	-4.02	-4.02	-4.02	-4.01	-4.01	-4	-4	-4.08	-4.17	-4.25	-4.33	-4.42	-4.5	-4.58	-4.67	-4.75	-4.83	-4.91	-5	-5.08	-5.16	-5.25	-5.33	-5.41	-5.5	-5.58	-5.66	-5.75	-5.83	-5.91	-5.96	-6.02	-6.07	-6.12	-6.17	-6.22	-6.27	-6.32	-6.37	-6.42	-6.47	-6.53	-6.58	-6.63	-6.68	-6.73	-6.78	-6.83	-6.88	-6.93	-6.98	-7.04	-7.09	-7	-6.91	-6.81	-6.72	-6.63	-6.54	-6.45	-6.36	-6.27	-6.18	-6.09	-6	-5.91	-5.82	-5.73	-5.64	-5.54	-5.45	-5.36	-5.27	-5.18	-5.09	-5	-5.01	-5.02	-5.02	-5.03	-5.04	-5.05	-5.05	-5.06	-5.07	-5.08	-5.08	-5.09	-5.1	-5.11	-5.11	-5.12	-5.13	-5.14	-5.14	-5.15	-5.16	-5.17	-5.17	-5.12	-5.07	-5.02	-4.97	-4.92	-4.87	-4.82	-4.77	-4.71	-4.66	-4.61	-4.56	-4.51	-4.46	-4.41	-4.36	-4.31	-4.26	-4.2	-4.15	-4.1	-4.05	-4	-3.81	-3.63	-3.44	-3.26	-3.07	-2.89	-2.7	-2.52	-2.33	-2.15	-1.96	-1.78	-1.59	-1.41	-1.22	-1.04	-0.85	-0.67	-0.48	-0.29	-0.11	0	0	0	0	0	0	0	0	0	0	0	0	0	0	0	0	0	0
0	0	0	0	0	-3.98	-3.98	-3.98	-3.98	-3.99	-3.99	-3.99	-3.99	-3.99	-4	-4	-4	-4	-4	-4.01	-4.01	-4.01	-4.01	-4.01	-4.02	-4.02	-4.02	-4.02	-4.02	-4.02	-4.03	-4.03	-4.03	-4.03	-4.03	-4.04	-4.04	-4.04	-4.04	-4.04	-4.04	-4.04	-4.04	-4.04	-4.03	-4.03	-4.03	-4.03	-4.03	-4.02	-4.02	-4.02	-4.02	-4.02	-4.02	-4.01	-4.01	-4.01	-4.01	-4.01	-4	-4	-4	-4.09	-4.17	-4.26	-4.34	-4.43	-4.51	-4.6	-4.68	-4.77	-4.85	-4.94	-5.02	-5.11	-5.19	-5.28	-5.36	-5.45	-5.53	-5.62	-5.7	-5.79	-5.87	-5.96	-6	-6.05	-6.1	-6.15	-6.19	-6.24	-6.29	-6.33	-6.38	-6.43	-6.48	-6.52	-6.57	-6.62	-6.67	-6.71	-6.76	-6.81	-6.85	-6.9	-6.95	-7	-7.04	-6.95	-6.87	-6.78	-6.69	-6.6	-6.51	-6.42	-6.33	-6.24	-6.16	-6.07	-5.98	-5.89	-5.8	-5.71	-5.62	-5.53	-5.44	-5.36	-5.27	-5.18	-5.09	-5	-5	-5.01	-5.01	-5.02	-5.02	-5.02	-5.03	-5.03	-5.03	-5.04	-5.04	-5.05	-5.05	-5.05	-5.06	-5.06	-5.06	-5.07	-5.07	-5.08	-5.08	-5.08	-5.09	-5.04	-4.99	-4.95	-4.9	-4.85	-4.8	-4.76	-4.71	-4.66	-4.61	-4.57	-4.52	-4.47	-4.43	-4.38	-4.33	-4.28	-4.24	-4.19	-4.14	-4.09	-4.05	-4	-3.82	-3.64	-3.46	-3.28	-3.1	-2.92	-2.74	-2.56	-2.38	-2.2	-2.02	-1.84	-1.67	-1.49	-1.31	-1.13	-0.95	-0.77	-0.59	-0.41	-0.23	-0.05	0	0	0	0	0	0	0	0	0	0	0	0	0	0	0	0	0
0	0	0	0	0	-4	-4	-4	-4	-4	-4	-4	-4	-4	-4	-4	-4	-4	-4	-4	-4	-4	-4	-4	-4	-4	-4	-4	-4	-4	-4	-4	-4	-4	-4	-4	-4	-4	-4	-4	-4	-4	-4	-4	-4	-4	-4	-4	-4	-4	-4	-4	-4	-4	-4	-4	-4	-4	-4	-4	-4	-4	-4	-4.09	-4.17	-4.26	-4.35	-4.43	-4.52	-4.61	-4.7	-4.78	-4.87	-4.96	-5.04	-5.13	-5.22	-5.3	-5.39	-5.48	-5.57	-5.65	-5.74	-5.83	-5.91	-6	-6.04	-6.09	-6.13	-6.17	-6.22	-6.26	-6.3	-6.35	-6.39	-6.43	-6.48	-6.52	-6.57	-6.61	-6.65	-6.7	-6.74	-6.78	-6.83	-6.87	-6.91	-6.96	-7	-6.91	-6.83	-6.74	-6.65	-6.57	-6.48	-6.39	-6.3	-6.22	-6.13	-6.04	-5.96	-5.87	-5.78	-5.7	-5.61	-5.52	-5.43	-5.35	-5.26	-5.17	-5.09	-5	-5	-5	-5	-5	-5	-5	-5	-5	-5	-5	-5	-5	-5	-5	-5	-5	-5	-5	-5	-5	-5	-5	-5	-4.96	-4.91	-4.87	-4.83	-4.78	-4.74	-4.7	-4.65	-4.61	-4.57	-4.52	-4.48	-4.43	-4.39	-4.35	-4.3	-4.26	-4.22	-4.17	-4.13	-4.09	-4.04	-4	-3.83	-3.65	-3.48	-3.3	-3.13	-2.96	-2.78	-2.61	-2.43	-2.26	-2.09	-1.91	-1.74	-1.57	-1.39	-1.22	-1.04	-0.87	-0.7	-0.52	-0.35	-0.17	0	0	0	0	0	0	0	0	0	0	0	0	0	0	0	0	0
0	0	0	0	0	-4.02	-4.02	-4.02	-4.02	-4.01	-4.01	-4.01	-4.01	-4.01	-4	-4	-4	-4	-4	-3.99	-3.99	-3.99	-3.99	-3.99	-3.98	-3.98	-3.98	-3.98	-3.98	-3.98	-3.97	-3.97	-3.97	-3.97	-3.97	-3.96	-3.96	-3.96	-3.96	-3.96	-3.96	-3.96	-3.96	-3.96	-3.97	-3.97	-3.97	-3.97	-3.97	-3.98	-3.98	-3.98	-3.98	-3.98	-3.98	-3.99	-3.99	-3.99	-3.99	-3.99	-4	-4	-4	-4.09	-4.18	-4.27	-4.36	-4.44	-4.53	-4.62	-4.71	-4.8	-4.89	-4.98	-5.07	-5.16	-5.24	-5.33	-5.42	-5.51	-5.6	-5.69	-5.78	-5.87	-5.95	-6.04	-6.08	-6.12	-6.16	-6.2	-6.24	-6.28	-6.32	-6.36	-6.4	-6.44	-6.48	-6.52	-6.56	-6.6	-6.64	-6.68	-6.72	-6.76	-6.8	-6.84	-6.88	-6.92	-6.96	-6.87	-6.79	-6.7	-6.62	-6.53	-6.45	-6.36	-6.28	-6.19	-6.11	-6.02	-5.94	-5.85	-5.77	-5.68	-5.6	-5.51	-5.43	-5.34	-5.26	-5.17	-5.09	-5	-5	-4.99	-4.99	-4.98	-4.98	-4.98	-4.97	-4.97	-4.97	-4.96	-4.96	-4.95	-4.95	-4.95	-4.94	-4.94	-4.94	-4.93	-4.93	-4.92	-4.92	-4.92	-4.91	-4.87	-4.83	-4.79	-4.75	-4.71	-4.67	-4.64	-4.6	-4.56	-4.52	-4.48	-4.44	-4.4	-4.36	-4.32	-4.28	-4.24	-4.2	-4.16	-4.12	-4.08	-4.04	-4	-3.83	-3.66	-3.5	-3.33	-3.16	-2.99	-2.82	-2.65	-2.49	-2.32	-2.15	-1.98	-1.81	-1.64	-1.48	-1.31	-1.14	-0.97	-0.8	-0.64	-0.47	-0.3	-0.13	0	0	0	0	0	0	0	0	0	0	0	0	0	0	0	0
0	0	0	0	0	-4.04	-4.04	-4.03	-4.03	-4.03	-4.02	-4.02	-4.02	-4.01	-4.01	-4	-4	-4	-3.99	-3.99	-3.98	-3.98	-3.98	-3.97	-3.97	-3.97	-3.96	-3.96	-3.95	-3.95	-3.95	-3.94	-3.94	-3.94	-3.93	-3.93	-3.92	-3.92	-3.92	-3.91	-3.92	-3.92	-3.92	-3.93	-3.93	-3.94	-3.94	-3.94	-3.95	-3.95	-3.95	-3.96	-3.96	-3.97	-3.97	-3.97	-3.98	-3.98	-3.98	-3.99	-3.99	-4	-4	-4.09	-4.18	-4.27	-4.36	-4.45	-4.54	-4.64	-4.73	-4.82	-4.91	-5	-5.09	-5.18	-5.27	-5.36	-5.45	-5.54	-5.63	-5.72	-5.81	-5.91	-6	-6.09	-6.12	-6.16	-6.19	-6.23	-6.27	-6.3	-6.34	-6.37	-6.41	-6.45	-6.48	-6.52	-6.55	-6.59	-6.63	-6.66	-6.7	-6.73	-6.77	-6.81	-6.84	-6.88	-6.91	-6.83	-6.75	-6.66	-6.58	-6.5	-6.41	-6.33	-6.25	-6.16	-6.08	-6	-5.91	-5.83	-5.75	-5.67	-5.58	-5.5	-5.42	-5.33	-5.25	-5.17	-5.08	-5	-4.99	-4.98	-4.98	-4.97	-4.96	-4.95	-4.95	-4.94	-4.93	-4.92	-4.92	-4.91	-4.9	-4.89	-4.89	-4.88	-4.87	-4.86	-4.86	-4.85	-4.84	-4.83	-4.83	-4.79	-4.75	-4.72	-4.68	-4.65	-4.61	-4.57	-4.54	-4.5	-4.47	-4.43	-4.4	-4.36	-4.32	-4.29	-4.25	-4.22	-4.18	-4.14	-4.11	-4.07	-4.04	-4	-3.84	-3.67	-3.51	-3.35	-3.19	-3.02	-2.86	-2.7	-2.54	-2.37	-2.21	-2.05	-1.89	-1.72	-1.56	-1.4	-1.24	-1.07	-0.91	-0.75	-0.59	-0.42	-0.26	-0.1	0	0	0	0	0	0	0	0	0	0	0	0	0	0	0
0	0	0	0	0	-4.06	-4.06	-4.05	-4.05	-4.04	-4.03	-4.03	-4.02	-4.02	-4.01	-4.01	-4	-3.99	-3.99	-3.98	-3.98	-3.97	-3.97	-3.96	-3.95	-3.95	-3.94	-3.94	-3.93	-3.93	-3.92	-3.91	-3.91	-3.9	-3.9	-3.89	-3.89	-3.88	-3.88	-3.87	-3.88	-3.88	-3.89	-3.89	-3.9	-3.9	-3.91	-3.91	-3.92	-3.93	-3.93	-3.94	-3.94	-3.95	-3.95	-3.96	-3.97	-3.97	-3.98	-3.98	-3.99	-3.99	-4	-4.09	-4.19	-4.28	-4.37	-4.46	-4.56	-4.65	-4.74	-4.83	-4.93	-5.02	-5.11	-5.2	-5.3	-5.39	-5.48	-5.57	-5.67	-5.76	-5.85	-5.95	-6.04	-6.13	-6.16	-6.19	-6.23	-6.26	-6.29	-6.32	-6.36	-6.39	-6.42	-6.45	-6.48	-6.52	-6.55	-6.58	-6.61	-6.64	-6.68	-6.71	-6.74	-6.77	-6.81	-6.84	-6.87	-6.79	-6.71	-6.63	-6.54	-6.46	-6.38	-6.3	-6.22	-6.14	-6.06	-5.98	-5.89	-5.81	-5.73	-5.65	-5.57	-5.49	-5.41	-5.33	-5.24	-5.16	-5.08	-5	-4.99	-4.98	-4.97	-4.95	-4.94	-4.93	-4.92	-4.91	-4.9	-4.89	-4.88	-4.86	-4.85	-4.84	-4.83	-4.82	-4.81	-4.8	-4.78	-4.77	-4.76	-4.75	-4.74	-4.71	-4.67	-4.64	-4.61	-4.58	-4.55	-4.51	-4.48	-4.45	-4.42	-4.39	-4.35	-4.32	-4.29	-4.26	-4.22	-4.19	-4.16	-4.13	-4.1	-4.06	-4.03	-4	-3.84	-3.69	-3.53	-3.37	-3.22	-3.06	-2.9	-2.74	-2.59	-2.43	-2.27	-2.12	-1.96	-1.8	-1.65	-1.49	-1.33	-1.18	-1.02	-0.86	-0.71	-0.55	-0.39	-0.23	-0.08	0	0	0	0	0	0	0	0	0	0	0	0	0	0
0	0	0	0	0	-4.08	-4.08	-4.07	-4.06	-4.05	-4.05	-4.04	-4.03	-4.02	-4.02	-4.01	-4	-3.99	-3.98	-3.98	-3.97	-3.96	-3.95	-3.95	-3.94	-3.93	-3.92	-3.92	-3.91	-3.9	-3.89	-3.89	-3.88	-3.87	-3.86	-3.86	-3.85	-3.84	-3.83	-3.83	-3.83	-3.84	-3.85	-3.86	-3.86	-3.87	-3.88	-3.89	-3.89	-3.9	-3.91	-3.92	-3.92	-3.93	-3.94	-3.95	-3.95	-3.96	-3.97	-3.98	-3.98	-3.99	-4	-4.09	-4.19	-4.28	-4.38	-4.47	-4.57	-4.66	-4.76	-4.85	-4.95	-5.04	-5.13	-5.23	-5.32	-5.42	-5.51	-5.61	-5.7	-5.8	-5.89	-5.98	-6.08	-6.17	-6.2	-6.23	-6.26	-6.29	-6.32	-6.34	-6.37	-6.4	-6.43	-6.46	-6.49	-6.51	-6.54	-6.57	-6.6	-6.63	-6.66	-6.68	-6.71	-6.74	-6.77	-6.8	-6.83	-6.75	-6.67	-6.59	-6.51	-6.43	-6.35	-6.27	-6.19	-6.11	-6.03	-5.95	-5.87	-5.79	-5.71	-5.64	-5.56	-5.48	-5.4	-5.32	-5.24	-5.16	-5.08	-5	-4.98	-4.97	-4.95	-4.94	-4.92	-4.91	-4.89	-4.88	-4.86	-4.85	-4.83	-4.82	-4.8	-4.79	-4.77	-4.76	-4.74	-4.73	-4.71	-4.7	-4.68	-4.67	-4.65	-4.62	-4.6	-4.57	-4.54	-4.51	-4.48	-4.45	-4.43	-4.4	-4.37	-4.34	-4.31	-4.28	-4.26	-4.23	-4.2	-4.17	-4.14	-4.11	-4.09	-4.06	-4.03	-4	-3.85	-3.7	-3.55	-3.4	-3.24	-3.09	-2.94	-2.79	-2.64	-2.49	-2.34	-2.19	-2.03	-1.88	-1.73	-1.58	-1.43	-1.28	-1.13	-0.98	-0.82	-0.67	-0.52	-0.37	-0.22	-0.07	0	0	0	0	0	0	0	0	0	0	0	0	0
0	0	0	0	0	-4.1	-4.09	-4.09	-4.08	-4.07	-4.06	-4.05	-4.04	-4.03	-4.02	-4.01	-4	-3.99	-3.98	-3.97	-3.96	-3.95	-3.94	-3.93	-3.92	-3.91	-3.91	-3.9	-3.89	-3.88	-3.87	-3.86	-3.85	-3.84	-3.83	-3.82	-3.81	-3.8	-3.79	-3.78	-3.79	-3.8	-3.81	-3.82	-3.83	-3.84	-3.85	-3.86	-3.87	-3.88	-3.89	-3.9	-3.91	-3.91	-3.92	-3.93	-3.94	-3.95	-3.96	-3.97	-3.98	-3.99	-4	-4.1	-4.19	-4.29	-4.39	-4.48	-4.58	-4.67	-4.77	-4.87	-4.96	-5.06	-5.16	-5.25	-5.35	-5.45	-5.54	-5.64	-5.74	-5.83	-5.93	-6.02	-6.12	-6.22	-6.24	-6.27	-6.29	-6.32	-6.34	-6.36	-6.39	-6.41	-6.44	-6.46	-6.49	-6.51	-6.54	-6.56	-6.59	-6.61	-6.64	-6.66	-6.68	-6.71	-6.73	-6.76	-6.78	-6.71	-6.63	-6.55	-6.47	-6.4	-6.32	-6.24	-6.16	-6.09	-6.01	-5.93	-5.85	-5.78	-5.7	-5.62	-5.54	-5.47	-5.39	-5.31	-5.23	-5.16	-5.08	-5	-4.98	-4.96	-4.94	-4.92	-4.91	-4.89	-4.87	-4.85	-4.83	-4.81	-4.79	-4.77	-4.75	-4.74	-4.72	-4.7	-4.68	-4.66	-4.64	-4.62	-4.6	-4.58	-4.57	-4.54	-4.52	-4.49	-4.47	-4.44	-4.42	-4.39	-4.37	-4.34	-4.32	-4.29	-4.27	-4.25	-4.22	-4.2	-4.17	-4.15	-4.12	-4.1	-4.07	-4.05	-4.02	-4	-3.85	-3.71	-3.56	-3.42	-3.27	-3.13	-2.98	-2.84	-2.69	-2.54	-2.4	-2.25	-2.11	-1.96	-1.82	-1.67	-1.53	-1.38	-1.23	-1.09	-0.94	-0.8	-0.65	-0.51	-0.36	-0.22	-0.07	0	0	0	0	0	0	0	0	0	0	0	0
0	0	0	0	0	-4.12	-4.11	-4.1	-4.09	-4.08	-4.07	-4.06	-4.05	-4.03	-4.02	-4.01	-4	-3.99	-3.98	-3.97	-3.95	-3.94	-3.93	-3.92	-3.91	-3.9	-3.89	-3.88	-3.86	-3.85	-3.84	-3.83	-3.82	-3.81	-3.8	-3.78	-3.77	-3.76	-3.75	-3.74	-3.75	-3.76	-3.77	-3.78	-3.8	-3.81	-3.82	-3.83	-3.84	-3.85	-3.86	-3.88	-3.89	-3.9	-3.91	-3.92	-3.93	-3.94	-3.95	-3.97	-3.98	-3.99	-4	-4.1	-4.2	-4.29	-4.39	-4.49	-4.59	-4.69	-4.79	-4.88	-4.98	-5.08	-5.18	-5.28	-5.38	-5.47	-5.57	-5.67	-5.77	-5.87	-5.97	-6.06	-6.16	-6.26	-6.28	-6.3	-6.32	-6.34	-6.36	-6.39	-6.41	-6.43	-6.45	-6.47	-6.49	-6.51	-6.53	-6.55	-6.57	-6.59	-6.61	-6.64	-6.66	-6.68	-6.7	-6.72	-6.74	-6.66	-6.59	-6.51	-6.44	-6.36	-6.29	-6.21	-6.13	-6.06	-5.98	-5.91	-5.83	-5.76	-5.68	-5.6	-5.53	-5.45	-5.38	-5.3	-5.23	-5.15	-5.08	-5	-4.98	-4.95	-4.93	-4.91	-4.89	-4.86	-4.84	-4.82	-4.8	-4.77	-4.75	-4.73	-4.71	-4.68	-4.66	-4.64	-4.61	-4.59	-4.57	-4.55	-4.52	-4.5	-4.48	-4.46	-4.44	-4.42	-4.4	-4.37	-4.35	-4.33	-4.31	-4.29	-4.27	-4.25	-4.23	-4.21	-4.19	-4.17	-4.15	-4.12	-4.1	-4.08	-4.06	-4.04	-4.02	-4	-3.86	-3.72	-3.58	-3.44	-3.3	-3.16	-3.02	-2.88	-2.74	-2.6	-2.46	-2.32	-2.18	-2.04	-1.9	-1.76	-1.62	-1.48	-1.34	-1.2	-1.06	-0.92	-0.78	-0.64	-0.5	-0.36	-0.22	-0.08	0	0	0	0	0	0	0	0	0	0	0
0	0	0	0	0	-4.15	-4.13	-4.12	-4.11	-4.09	-4.08	-4.07	-4.05	-4.04	-4.03	-4.01	-4	-3.99	-3.97	-3.96	-3.95	-3.93	-3.92	-3.91	-3.89	-3.88	-3.87	-3.85	-3.84	-3.83	-3.81	-3.8	-3.79	-3.78	-3.76	-3.75	-3.74	-3.72	-3.71	-3.7	-3.71	-3.72	-3.74	-3.75	-3.76	-3.78	-3.79	-3.8	-3.81	-3.83	-3.84	-3.85	-3.87	-3.88	-3.89	-3.91	-3.92	-3.93	-3.95	-3.96	-3.97	-3.99	-4	-4.1	-4.2	-4.3	-4.4	-4.5	-4.6	-4.7	-4.8	-4.9	-5	-5.1	-5.2	-5.3	-5.4	-5.5	-5.6	-5.7	-5.8	-5.9	-6	-6.1	-6.2	-6.3	-6.32	-6.34	-6.36	-6.37	-6.39	-6.41	-6.42	-6.44	-6.46	-6.47	-6.49	-6.51	-6.53	-6.54	-6.56	-6.58	-6.59	-6.61	-6.63	-6.64	-6.66	-6.68	-6.7	-6.62	-6.55	-6.47	-6.4	-6.33	-6.25	-6.18	-6.11	-6.03	-5.96	-5.88	-5.81	-5.74	-5.66	-5.59	-5.52	-5.44	-5.37	-5.29	-5.22	-5.15	-5.07	-5	-4.97	-4.95	-4.92	-4.89	-4.87	-4.84	-4.81	-4.79	-4.76	-4.74	-4.71	-4.68	-4.66	-4.63	-4.6	-4.58	-4.55	-4.52	-4.5	-4.47	-4.44	-4.42	-4.39	-4.37	-4.36	-4.34	-4.32	-4.31	-4.29	-4.27	-4.26	-4.24	-4.22	-4.2	-4.19	-4.17	-4.15	-4.14	-4.12	-4.1	-4.09	-4.07	-4.05	-4.03	-4.02	-4	-3.87	-3.73	-3.6	-3.46	-3.33	-3.19	-3.06	-2.93	-2.79	-2.66	-2.52	-2.39	-2.26	-2.12	-1.99	-1.85	-1.72	-1.58	-1.45	-1.32	-1.18	-1.05	-0.91	-0.78	-0.64	-0.51	-0.38	-0.24	-0.11	0	0	0	0	0	0	0	0	0	0
0	0	0	0	0	-4.17	-4.15	-4.14	-4.12	-4.11	-4.09	-4.08	-4.06	-4.05	-4.03	-4.02	-4	-3.98	-3.97	-3.95	-3.94	-3.92	-3.91	-3.89	-3.88	-3.86	-3.85	-3.83	-3.82	-3.8	-3.79	-3.77	-3.76	-3.74	-3.73	-3.71	-3.7	-3.68	-3.67	-3.65	-3.67	-3.68	-3.7	-3.71	-3.73	-3.74	-3.76	-3.77	-3.79	-3.8	-3.82	-3.83	-3.85	-3.86	-3.88	-3.89	-3.91	-3.92	-3.94	-3.95	-3.97	-3.98	-4	-4.1	-4.2	-4.31	-4.41	-4.51	-4.61	-4.71	-4.82	-4.92	-5.02	-5.12	-5.22	-5.33	-5.43	-5.53	-5.63	-5.74	-5.84	-5.94	-6.04	-6.14	-6.25	-6.35	-6.36	-6.37	-6.39	-6.4	-6.41	-6.43	-6.44	-6.45	-6.47	-6.48	-6.49	-6.51	-6.52	-6.53	-6.55	-6.56	-6.57	-6.59	-6.6	-6.61	-6.63	-6.64	-6.65	-6.58	-6.51	-6.44	-6.36	-6.29	-6.22	-6.15	-6.08	-6.01	-5.93	-5.86	-5.79	-5.72	-5.65	-5.57	-5.5	-5.43	-5.36	-5.29	-5.22	-5.14	-5.07	-5	-4.97	-4.94	-4.91	-4.88	-4.85	-4.82	-4.79	-4.76	-4.73	-4.7	-4.67	-4.64	-4.61	-4.58	-4.55	-4.52	-4.49	-4.46	-4.43	-4.4	-4.36	-4.33	-4.3	-4.29	-4.28	-4.26	-4.25	-4.24	-4.22	-4.21	-4.2	-4.19	-4.17	-4.16	-4.15	-4.13	-4.12	-4.11	-4.09	-4.08	-4.07	-4.05	-4.04	-4.03	-4.01	-4	-3.87	-3.74	-3.61	-3.49	-3.36	-3.23	-3.1	-2.97	-2.84	-2.71	-2.59	-2.46	-2.33	-2.2	-2.07	-1.94	-1.81	-1.69	-1.56	-1.43	-1.3	-1.17	-1.04	-0.91	-0.79	-0.66	-0.53	-0.4	-0.27	-0.14	-0.02	0	0	0	0	0	0	0	0
0	0	0	0	0	-4.19	-4.17	-4.15	-4.14	-4.12	-4.1	-4.09	-4.07	-4.05	-4.03	-4.02	-4	-3.98	-3.97	-3.95	-3.93	-3.91	-3.9	-3.88	-3.86	-3.85	-3.83	-3.81	-3.8	-3.78	-3.76	-3.74	-3.73	-3.71	-3.69	-3.68	-3.66	-3.64	-3.63	-3.61	-3.63	-3.64	-3.66	-3.68	-3.69	-3.71	-3.73	-3.74	-3.76	-3.78	-3.8	-3.81	-3.83	-3.85	-3.86	-3.88	-3.9	-3.91	-3.93	-3.95	-3.97	-3.98	-4	-4.1	-4.21	-4.31	-4.42	-4.52	-4.62	-4.73	-4.83	-4.94	-5.04	-5.14	-5.25	-5.35	-5.46	-5.56	-5.66	-5.77	-5.87	-5.98	-6.08	-6.18	-6.29	-6.39	-6.4	-6.41	-6.42	-6.43	-6.44	-6.45	-6.46	-6.47	-6.48	-6.49	-6.5	-6.5	-6.51	-6.52	-6.53	-6.54	-6.55	-6.56	-6.57	-6.58	-6.59	-6.6	-6.61	-6.54	-6.47	-6.4	-6.33	-6.26	-6.19	-6.12	-6.05	-5.98	-5.91	-5.84	-5.77	-5.7	-5.63	-5.56	-5.49	-5.42	-5.35	-5.28	-5.21	-5.14	-5.07	-5	-4.97	-4.93	-4.9	-4.86	-4.83	-4.8	-4.76	-4.73	-4.69	-4.66	-4.63	-4.59	-4.56	-4.52	-4.49	-4.46	-4.42	-4.39	-4.35	-4.32	-4.29	-4.25	-4.22	-4.21	-4.2	-4.19	-4.18	-4.17	-4.16	-4.15	-4.14	-4.13	-4.12	-4.11	-4.1	-4.09	-4.09	-4.08	-4.07	-4.06	-4.05	-4.04	-4.03	-4.02	-4.01	-4	-3.88	-3.75	-3.63	-3.51	-3.39	-3.26	-3.14	-3.02	-2.89	-2.77	-2.65	-2.53	-2.4	-2.28	-2.16	-2.03	-1.91	-1.79	-1.67	-1.54	-1.42	-1.3	-1.17	-1.05	-0.93	-0.81	-0.68	-0.56	-0.44	-0.31	-0.19	-0.07	0	0	0	0	0	0	0
0	0	0	0	0	-4.21	-4.19	-4.17	-4.15	-4.13	-4.11	-4.09	-4.08	-4.06	-4.04	-4.02	-4	-3.98	-3.96	-3.94	-3.92	-3.91	-3.89	-3.87	-3.85	-3.83	-3.81	-3.79	-3.77	-3.75	-3.74	-3.72	-3.7	-3.68	-3.66	-3.64	-3.62	-3.6	-3.58	-3.57	-3.58	-3.6	-3.62	-3.64	-3.66	-3.68	-3.7	-3.72	-3.74	-3.75	-3.77	-3.79	-3.81	-3.83	-3.85	-3.87	-3.89	-3.91	-3.92	-3.94	-3.96	-3.98	-4	-4.11	-4.21	-4.32	-4.42	-4.53	-4.64	-4.74	-4.85	-4.95	-5.06	-5.16	-5.27	-5.38	-5.48	-5.59	-5.69	-5.8	-5.91	-6.01	-6.12	-6.22	-6.33	-6.43	-6.44	-6.45	-6.45	-6.46	-6.46	-6.47	-6.47	-6.48	-6.49	-6.49	-6.5	-6.5	-6.51	-6.51	-6.52	-6.53	-6.53	-6.54	-6.54	-6.55	-6.55	-6.56	-6.57	-6.5	-6.43	-6.36	-6.29	-6.22	-6.16	-6.09	-6.02	-5.95	-5.88	-5.82	-5.75	-5.68	-5.61	-5.54	-5.48	-5.41	-5.34	-5.27	-5.2	-5.14	-5.07	-5	-4.96	-4.92	-4.89	-4.85	-4.81	-4.77	-4.74	-4.7	-4.66	-4.62	-4.58	-4.55	-4.51	-4.47	-4.43	-4.4	-4.36	-4.32	-4.28	-4.24	-4.21	-4.17	-4.13	-4.12	-4.12	-4.11	-4.11	-4.1	-4.1	-4.09	-4.09	-4.08	-4.07	-4.07	-4.06	-4.06	-4.05	-4.05	-4.04	-4.03	-4.03	-4.02	-4.02	-4.01	-4.01	-4	-3.88	-3.77	-3.65	-3.53	-3.41	-3.3	-3.18	-3.06	-2.95	-2.83	-2.71	-2.59	-2.48	-2.36	-2.24	-2.12	-2.01	-1.89	-1.77	-1.66	-1.54	-1.42	-1.3	-1.19	-1.07	-0.95	-0.84	-0.72	-0.6	-0.48	-0.37	-0.25	-0.13	-0.02	0	0	0	0	0
0	0	0	0	0	-4.23	-4.21	-4.19	-4.17	-4.15	-4.12	-4.1	-4.08	-4.06	-4.04	-4.02	-4	-3.98	-3.96	-3.94	-3.92	-3.9	-3.88	-3.85	-3.83	-3.81	-3.79	-3.77	-3.75	-3.73	-3.71	-3.69	-3.67	-3.65	-3.63	-3.6	-3.58	-3.56	-3.54	-3.52	-3.54	-3.56	-3.58	-3.6	-3.63	-3.65	-3.67	-3.69	-3.71	-3.73	-3.75	-3.77	-3.79	-3.81	-3.83	-3.85	-3.88	-3.9	-3.92	-3.94	-3.96	-3.98	-4	-4.11	-4.22	-4.32	-4.43	-4.54	-4.65	-4.75	-4.86	-4.97	-5.08	-5.19	-5.29	-5.4	-5.51	-5.62	-5.72	-5.83	-5.94	-6.05	-6.16	-6.26	-6.37	-6.48	-6.48	-6.48	-6.48	-6.49	-6.49	-6.49	-6.49	-6.49	-6.5	-6.5	-6.5	-6.5	-6.5	-6.5	-6.51	-6.51	-6.51	-6.51	-6.51	-6.52	-6.52	-6.52	-6.52	-6.46	-6.39	-6.32	-6.26	-6.19	-6.12	-6.06	-5.99	-5.93	-5.86	-5.79	-5.73	-5.66	-5.6	-5.53	-5.46	-5.4	-5.33	-5.26	-5.2	-5.13	-5.07	-5	-4.96	-4.92	-4.88	-4.83	-4.79	-4.75	-4.71	-4.67	-4.63	-4.58	-4.54	-4.5	-4.46	-4.42	-4.38	-4.33	-4.29	-4.25	-4.21	-4.17	-4.13	-4.09	-4.04	-4.04	-4.04	-4.04	-4.04	-4.03	-4.03	-4.03	-4.03	-4.03	-4.02	-4.02	-4.02	-4.02	-4.02	-4.02	-4.01	-4.01	-4.01	-4.01	-4.01	-4	-4	-4	-3.89	-3.78	-3.67	-3.55	-3.44	-3.33	-3.22	-3.11	-3	-2.88	-2.77	-2.66	-2.55	-2.44	-2.33	-2.22	-2.1	-1.99	-1.88	-1.77	-1.66	-1.55	-1.43	-1.32	-1.21	-1.1	-0.99	-0.88	-0.77	-0.65	-0.54	-0.43	-0.32	-0.21	0	0	0	0	0
0	0	0	0	0	-4.25	-4.23	-4.2	-4.18	-4.16	-4.14	-4.11	-4.09	-4.07	-4.05	-4.02	-4	-3.98	-3.95	-3.93	-3.91	-3.89	-3.86	-3.84	-3.82	-3.8	-3.77	-3.75	-3.73	-3.71	-3.68	-3.66	-3.64	-3.61	-3.59	-3.57	-3.55	-3.52	-3.5	-3.48	-3.5	-3.52	-3.55	-3.57	-3.59	-3.61	-3.64	-3.66	-3.68	-3.71	-3.73	-3.75	-3.77	-3.8	-3.82	-3.84	-3.86	-3.89	-3.91	-3.93	-3.95	-3.98	-4	-4.11	-4.22	-4.33	-4.44	-4.55	-4.66	-4.77	-4.88	-4.99	-5.1	-5.21	-5.32	-5.43	-5.53	-5.64	-5.75	-5.86	-5.97	-6.08	-6.19	-6.3	-6.41	-6.52	-6.52	-6.52	-6.52	-6.51	-6.51	-6.51	-6.51	-6.51	-6.5	-6.5	-6.5	-6.5	-6.5	-6.5	-6.49	-6.49	-6.49	-6.49	-6.49	-6.48	-6.48	-6.48	-6.48	-6.41	-6.35	-6.29	-6.22	-6.16	-6.09	-6.03	-5.96	-5.9	-5.84	-5.77	-5.71	-5.64	-5.58	-5.51	-5.45	-5.39	-5.32	-5.26	-5.19	-5.13	-5.06	-5	-4.95	-4.91	-4.86	-4.82	-4.77	-4.73	-4.68	-4.64	-4.59	-4.55	-4.5	-4.46	-4.41	-4.36	-4.32	-4.27	-4.23	-4.18	-4.14	-4.09	-4.05	-4	-3.96	-3.96	-3.96	-3.96	-3.96	-3.97	-3.97	-3.97	-3.97	-3.97	-3.98	-3.98	-3.98	-3.98	-3.98	-3.98	-3.99	-3.99	-3.99	-3.99	-3.99	-4	-4	-4	-3.89	-3.79	-3.68	-3.58	-3.47	-3.36	-3.26	-3.15	-3.05	-2.94	-2.84	-2.73	-2.62	-2.52	-2.41	-2.31	-2.2	-2.09	-1.99	-1.88	-1.78	-1.67	-1.57	-1.46	-1.35	-1.25	-1.14	-1.04	-0.93	-0.82	-0.72	-0.61	-0.51	-0.4	0	0	0	0	0
0	0	0	0	0	-4.27	-4.25	-4.22	-4.2	-4.17	-4.15	-4.12	-4.1	-4.07	-4.05	-4.02	-4	-3.98	-3.95	-3.93	-3.9	-3.88	-3.85	-3.83	-3.8	-3.78	-3.75	-3.73	-3.71	-3.68	-3.66	-3.63	-3.61	-3.58	-3.56	-3.53	-3.51	-3.48	-3.46	-3.43	-3.46	-3.48	-3.51	-3.53	-3.56	-3.58	-3.61	-3.63	-3.66	-3.68	-3.71	-3.73	-3.75	-3.78	-3.8	-3.83	-3.85	-3.88	-3.9	-3.93	-3.95	-3.98	-4	-4.11	-4.22	-4.33	-4.45	-4.56	-4.67	-4.78	-4.89	-5	-5.12	-5.23	-5.34	-5.45	-5.56	-5.67	-5.78	-5.9	-6.01	-6.12	-6.23	-6.34	-6.45	-6.57	-6.56	-6.55	-6.55	-6.54	-6.54	-6.53	-6.53	-6.52	-6.51	-6.51	-6.5	-6.5	-6.49	-6.49	-6.48	-6.47	-6.47	-6.46	-6.46	-6.45	-6.45	-6.44	-6.43	-6.37	-6.31	-6.25	-6.19	-6.12	-6.06	-6	-5.94	-5.87	-5.81	-5.75	-5.69	-5.62	-5.56	-5.5	-5.44	-5.37	-5.31	-5.25	-5.19	-5.12	-5.06	-5	-4.95	-4.9	-4.85	-4.8	-4.75	-4.71	-4.66	-4.61	-4.56	-4.51	-4.46	-4.41	-4.36	-4.31	-4.26	-4.21	-4.16	-4.12	-4.07	-4.02	-3.97	-3.92	-3.87	-3.88	-3.88	-3.89	-3.89	-3.9	-3.9	-3.91	-3.91	-3.92	-3.93	-3.93	-3.94	-3.94	-3.95	-3.95	-3.96	-3.97	-3.97	-3.98	-3.98	-3.99	-3.99	-4	-3.9	-3.8	-3.7	-3.6	-3.5	-3.4	-3.3	-3.2	-3.1	-3	-2.9	-2.8	-2.7	-2.6	-2.5	-2.4	-2.3	-2.2	-2.1	-2	-1.9	-1.8	-1.7	-1.6	-1.5	-1.4	-1.29	-1.19	-1.09	-0.99	-0.89	-0.79	-0.69	-0.59	0	0	0	0	0
0	0	0	0	0	-4.29	-4.26	-4.24	-4.21	-4.19	-4.16	-4.13	-4.11	-4.08	-4.05	-4.03	-4	-3.97	-3.95	-3.92	-3.89	-3.87	-3.84	-3.81	-3.79	-3.76	-3.74	-3.71	-3.68	-3.66	-3.63	-3.6	-3.58	-3.55	-3.52	-3.5	-3.47	-3.44	-3.42	-3.39	-3.42	-3.44	-3.47	-3.5	-3.52	-3.55	-3.58	-3.6	-3.63	-3.66	-3.68	-3.71	-3.74	-3.76	-3.79	-3.81	-3.84	-3.87	-3.89	-3.92	-3.95	-3.97	-4	-4.11	-4.23	-4.34	-4.45	-4.57	-4.68	-4.79	-4.91	-5.02	-5.13	-5.25	-5.36	-5.47	-5.59	-5.7	-5.81	-5.93	-6.04	-6.16	-6.27	-6.38	-6.5	-6.61	-6.6	-6.59	-6.58	-6.57	-6.56	-6.55	-6.54	-6.53	-6.52	-6.51	-6.5	-6.5	-6.49	-6.48	-6.47	-6.46	-6.45	-6.44	-6.43	-6.42	-6.41	-6.4	-6.39	-6.33	-6.27	-6.21	-6.15	-6.09	-6.03	-5.97	-5.91	-5.85	-5.79	-5.73	-5.67	-5.6	-5.54	-5.48	-5.42	-5.36	-5.3	-5.24	-5.18	-5.12	-5.06	-5	-4.95	-4.89	-4.84	-4.79	-4.74	-4.68	-4.63	-4.58	-4.52	-4.47	-4.42	-4.36	-4.31	-4.26	-4.21	-4.15	-4.1	-4.05	-3.99	-3.94	-3.89	-3.84	-3.78	-3.79	-3.8	-3.81	-3.82	-3.83	-3.84	-3.85	-3.86	-3.87	-3.88	-3.89	-3.9	-3.91	-3.91	-3.92	-3.93	-3.94	-3.95	-3.96	-3.97	-3.98	-3.99	-4	-3.91	-3.81	-3.72	-3.62	-3.53	-3.43	-3.34	-3.24	-3.15	-3.05	-2.96	-2.87	-2.77	-2.68	-2.58	-2.49	-2.39	-2.3	-2.2	-2.11	-2.02	-1.92	-1.83	-1.73	-1.64	-1.54	-1.45	-1.35	-1.26	-1.16	-1.07	-0.98	-0.88	-0.79	0	0	0	0	0
0	0	0	0	0	-4.31	-4.28	-4.26	-4.23	-4.2	-4.17	-4.14	-4.11	-4.09	-4.06	-4.03	-4	-3.97	-3.94	-3.91	-3.89	-3.86	-3.83	-3.8	-3.77	-3.74	-3.72	-3.69	-3.66	-3.63	-3.6	-3.57	-3.55	-3.52	-3.49	-3.46	-3.43	-3.4	-3.38	-3.35	-3.38	-3.4	-3.43	-3.46	-3.49	-3.52	-3.55	-3.57	-3.6	-3.63	-3.66	-3.69	-3.72	-3.74	-3.77	-3.8	-3.83	-3.86	-3.89	-3.91	-3.94	-3.97	-4	-4.12	-4.23	-4.35	-4.46	-4.58	-4.69	-4.81	-4.92	-5.04	-5.15	-5.27	-5.38	-5.5	-5.61	-5.73	-5.84	-5.96	-6.08	-6.19	-6.31	-6.42	-6.54	-6.65	-6.64	-6.63	-6.61	-6.6	-6.59	-6.57	-6.56	-6.55	-6.53	-6.52	-6.51	-6.49	-6.48	-6.47	-6.45	-6.44	-6.43	-6.41	-6.4	-6.39	-6.37	-6.36	-6.35	-6.29	-6.23	-6.17	-6.11	-6.05	-6	-5.94	-5.88	-5.82	-5.76	-5.7	-5.64	-5.59	-5.53	-5.47	-5.41	-5.35	-5.29	-5.23	-5.18	-5.12	-5.06	-5	-4.94	-4.89	-4.83	-4.77	-4.72	-4.66	-4.6	-4.55	-4.49	-4.43	-4.38	-4.32	-4.26	-4.21	-4.15	-4.09	-4.04	-3.98	-3.92	-3.87	-3.81	-3.75	-3.7	-3.71	-3.72	-3.74	-3.75	-3.76	-3.78	-3.79	-3.8	-3.81	-3.83	-3.84	-3.85	-3.87	-3.88	-3.89	-3.91	-3.92	-3.93	-3.95	-3.96	-3.97	-3.99	-4	-3.91	-3.82	-3.73	-3.64	-3.56	-3.47	-3.38	-3.29	-3.2	-3.11	-3.02	-2.93	-2.84	-2.76	-2.67	-2.58	-2.49	-2.4	-2.31	-2.22	-2.13	-2.05	-1.96	-1.87	-1.78	-1.69	-1.6	-1.51	-1.42	-1.33	-1.25	-1.16	-1.07	-0.98	0	0	0	0	0
0	0	0	0	0	-4.33	-4.3	-4.27	-4.24	-4.21	-4.18	-4.15	-4.12	-4.09	-4.06	-4.03	-4	-3.97	-3.94	-3.91	-3.88	-3.85	-3.82	-3.79	-3.76	-3.73	-3.7	-3.67	-3.64	-3.61	-3.58	-3.55	-3.52	-3.49	-3.46	-3.43	-3.4	-3.36	-3.33	-3.3	-3.33	-3.36	-3.4	-3.43	-3.46	-3.49	-3.52	-3.55	-3.58	-3.61	-3.64	-3.67	-3.7	-3.73	-3.76	-3.79	-3.82	-3.85	-3.88	-3.91	-3.94	-3.97	-4	-4.12	-4.23	-4.35	-4.47	-4.59	-4.7	-4.82	-4.94	-5.05	-5.17	-5.29	-5.41	-5.52	-5.64	-5.76	-5.88	-5.99	-6.11	-6.23	-6.34	-6.46	-6.58	-6.7	-6.68	-6.66	-6.64	-6.63	-6.61	-6.59	-6.58	-6.56	-6.54	-6.53	-6.51	-6.49	-6.47	-6.46	-6.44	-6.42	-6.41	-6.39	-6.37	-6.36	-6.34	-6.32	-6.3	-6.25	-6.19	-6.13	-6.08	-6.02	-5.96	-5.91	-5.85	-5.79	-5.74	-5.68	-5.62	-5.57	-5.51	-5.45	-5.4	-5.34	-5.28	-5.23	-5.17	-5.11	-5.06	-5	-4.94	-4.88	-4.82	-4.76	-4.7	-4.64	-4.58	-4.52	-4.46	-4.4	-4.33	-4.27	-4.21	-4.15	-4.09	-4.03	-3.97	-3.91	-3.85	-3.79	-3.73	-3.67	-3.61	-3.63	-3.64	-3.66	-3.68	-3.69	-3.71	-3.73	-3.74	-3.76	-3.78	-3.8	-3.81	-3.83	-3.85	-3.86	-3.88	-3.9	-3.91	-3.93	-3.95	-3.97	-3.98	-4	-3.92	-3.83	-3.75	-3.67	-3.58	-3.5	-3.42	-3.33	-3.25	-3.17	-3.09	-3	-2.92	-2.84	-2.75	-2.67	-2.59	-2.5	-2.42	-2.34	-2.25	-2.17	-2.09	-2	-1.92	-1.84	-1.75	-1.67	-1.59	-1.5	-1.42	-1.34	-1.26	-1.17	0	0	0	0	0
0	0	0	0	0	-4.35	-4.32	-4.29	-4.26	-4.22	-4.19	-4.16	-4.13	-4.1	-4.06	-4.03	-4	-3.97	-3.94	-3.9	-3.87	-3.84	-3.81	-3.78	-3.74	-3.71	-3.68	-3.65	-3.61	-3.58	-3.55	-3.52	-3.49	-3.45	-3.42	-3.39	-3.36	-3.33	-3.29	-3.26	-3.29	-3.33	-3.36	-3.39	-3.42	-3.45	-3.49	-3.52	-3.55	-3.58	-3.61	-3.65	-3.68	-3.71	-3.74	-3.78	-3.81	-3.84	-3.87	-3.9	-3.94	-3.97	-4	-4.12	-4.24	-4.36	-4.48	-4.6	-4.71	-4.83	-4.95	-5.07	-5.19	-5.31	-5.43	-5.55	-5.67	-5.79	-5.91	-6.02	-6.14	-6.26	-6.38	-6.5	-6.62	-6.74	-6.72	-6.7	-6.68	-6.66	-6.64	-6.61	-6.59	-6.57	-6.55	-6.53	-6.51	-6.49	-6.47	-6.45	-6.43	-6.41	-6.39	-6.36	-6.34	-6.32	-6.3	-6.28	-6.26	-6.21	-6.15	-6.1	-6.04	-5.99	-5.93	-5.88	-5.82	-5.77	-5.71	-5.66	-5.6	-5.55	-5.49	-5.44	-5.38	-5.33	-5.27	-5.22	-5.16	-5.11	-5.05	-5	-4.94	-4.87	-4.81	-4.74	-4.68	-4.61	-4.55	-4.49	-4.42	-4.36	-4.29	-4.23	-4.16	-4.1	-4.04	-3.97	-3.91	-3.84	-3.78	-3.71	-3.65	-3.59	-3.52	-3.54	-3.56	-3.58	-3.6	-3.63	-3.65	-3.67	-3.69	-3.71	-3.73	-3.75	-3.77	-3.79	-3.81	-3.83	-3.85	-3.88	-3.9	-3.92	-3.94	-3.96	-3.98	-4	-3.92	-3.84	-3.77	-3.69	-3.61	-3.53	-3.46	-3.38	-3.3	-3.22	-3.15	-3.07	-2.99	-2.91	-2.84	-2.76	-2.68	-2.6	-2.53	-2.45	-2.37	-2.29	-2.22	-2.14	-2.06	-1.98	-1.91	-1.83	-1.75	-1.67	-1.6	-1.52	-1.44	-1.36	0	0	0	0	0
0	0	0	0	0	-4.37	-4.34	-4.31	-4.27	-4.24	-4.2	-4.17	-4.14	-4.1	-4.07	-4.03	-4	-3.97	-3.93	-3.9	-3.86	-3.83	-3.8	-3.76	-3.73	-3.69	-3.66	-3.63	-3.59	-3.56	-3.52	-3.49	-3.46	-3.42	-3.39	-3.35	-3.32	-3.29	-3.25	-3.22	-3.25	-3.29	-3.32	-3.35	-3.39	-3.42	-3.46	-3.49	-3.52	-3.56	-3.59	-3.63	-3.66	-3.69	-3.73	-3.76	-3.8	-3.83	-3.86	-3.9	-3.93	-3.97	-4	-4.12	-4.24	-4.36	-4.48	-4.6	-4.73	-4.85	-4.97	-5.09	-5.21	-5.33	-5.45	-5.57	-5.69	-5.81	-5.94	-6.06	-6.18	-6.3	-6.42	-6.54	-6.66	-6.78	-6.76	-6.73	-6.71	-6.68	-6.66	-6.64	-6.61	-6.59	-6.56	-6.54	-6.51	-6.49	-6.46	-6.44	-6.41	-6.39	-6.36	-6.34	-6.32	-6.29	-6.27	-6.24	-6.22	-6.16	-6.11	-6.06	-6.01	-5.95	-5.9	-5.85	-5.79	-5.74	-5.69	-5.64	-5.58	-5.53	-5.48	-5.42	-5.37	-5.32	-5.26	-5.21	-5.16	-5.11	-5.05	-5	-4.93	-4.86	-4.8	-4.73	-4.66	-4.59	-4.52	-4.46	-4.39	-4.32	-4.25	-4.18	-4.12	-4.05	-3.98	-3.91	-3.84	-3.78	-3.71	-3.64	-3.57	-3.5	-3.43	-3.46	-3.48	-3.51	-3.53	-3.56	-3.58	-3.61	-3.63	-3.66	-3.68	-3.71	-3.73	-3.75	-3.78	-3.8	-3.83	-3.85	-3.88	-3.9	-3.93	-3.95	-3.98	-4	-3.93	-3.86	-3.78	-3.71	-3.64	-3.57	-3.5	-3.43	-3.35	-3.28	-3.21	-3.14	-3.07	-2.99	-2.92	-2.85	-2.78	-2.71	-2.64	-2.56	-2.49	-2.42	-2.35	-2.28	-2.2	-2.13	-2.06	-1.99	-1.92	-1.84	-1.77	-1.7	-1.63	-1.56	0	0	0	0	0
0	0	0	0	0	-4.4	-4.36	-4.32	-4.29	-4.25	-4.22	-4.18	-4.14	-4.11	-4.07	-4.04	-4	-3.96	-3.93	-3.89	-3.86	-3.82	-3.78	-3.75	-3.71	-3.68	-3.64	-3.6	-3.57	-3.53	-3.5	-3.46	-3.43	-3.39	-3.35	-3.32	-3.28	-3.25	-3.21	-3.17	-3.21	-3.25	-3.28	-3.32	-3.35	-3.39	-3.43	-3.46	-3.5	-3.53	-3.57	-3.6	-3.64	-3.68	-3.71	-3.75	-3.78	-3.82	-3.86	-3.89	-3.93	-3.96	-4	-4.12	-4.25	-4.37	-4.49	-4.61	-4.74	-4.86	-4.98	-5.11	-5.23	-5.35	-5.47	-5.6	-5.72	-5.84	-5.97	-6.09	-6.21	-6.33	-6.46	-6.58	-6.7	-6.83	-6.8	-6.77	-6.74	-6.71	-6.68	-6.66	-6.63	-6.6	-6.57	-6.54	-6.51	-6.49	-6.46	-6.43	-6.4	-6.37	-6.34	-6.32	-6.29	-6.26	-6.23	-6.2	-6.17	-6.12	-6.07	-6.02	-5.97	-5.92	-5.87	-5.82	-5.77	-5.71	-5.66	-5.61	-5.56	-5.51	-5.46	-5.41	-5.36	-5.31	-5.26	-5.2	-5.15	-5.1	-5.05	-5	-4.93	-4.86	-4.78	-4.71	-4.64	-4.57	-4.5	-4.43	-4.35	-4.28	-4.21	-4.14	-4.07	-3.99	-3.92	-3.85	-3.78	-3.71	-3.64	-3.56	-3.49	-3.42	-3.35	-3.38	-3.4	-3.43	-3.46	-3.49	-3.52	-3.55	-3.57	-3.6	-3.63	-3.66	-3.69	-3.72	-3.74	-3.77	-3.8	-3.83	-3.86	-3.89	-3.91	-3.94	-3.97	-4	-3.93	-3.87	-3.8	-3.74	-3.67	-3.6	-3.54	-3.47	-3.4	-3.34	-3.27	-3.21	-3.14	-3.07	-3.01	-2.94	-2.88	-2.81	-2.74	-2.68	-2.61	-2.54	-2.48	-2.41	-2.35	-2.28	-2.21	-2.15	-2.08	-2.02	-1.95	-1.88	-1.82	-1.75	0	0	0	0	0
