0	0	0	0	0	0	0	0	0	0	0	0	0	0	0	0	0	0	0	0	0	0	0	0	0	0	0	0	0	0	0	0	0	0	0	0	0	0	0	0	0	0	0	0	0	0	0	0	0	0	0	0	0	0	0	0	0	0	0	0	0	0	0	0	0	0	0	0	0	0	0	0	0	0	0	0	0	0	0	0	0	0	0	0	0	0	0	0	0	0	0	0	0	0	0	0	0	0	0	0	0	0	0	0	0	0	0	0	0	0	0	0	0	0	0	0	0	0	0	0	0	0	0	0	0	0	0	0	0	0	0	0	0	0	0	0	0	0	0	0	0	0	0	0	0	0	0	0	0	0	0	0	0	0	0	0	0	0	0	0	0	0	0	0	0	0	0	0	0	0	0	0	0	0	0	0	0	0	0	0	0	0	0	0	0	0	0	0	0	0	0	0	0	0	0	0	0	0	0	0	0	0	0	0	0	0	0	0	0	0	0	0	0	0	0	0	0
0	0	0	0	0	0	0	0	0	0	0	0	0	0	0	0	0	0	0	0	0	0	0	0	0	0	0	0	0	0	0	0	0	0	0	0	0	0	0	0	0	0	0	0	0	0	0	0	0	0	0	0	0	0	0	0	0	0	0	0	0	0	0	0	0	0	0	0	0	0	0	0	0	0	0	0	0	0	0	0	0	0	0	0	0	0	0	0	0	0	0	0	0	0	0	0	0	0	0	0	0	0	0	0	0	0	0	0	0	0	0	0	0	0	0	0	0	0	0	0	0	0	0	0	0	0	0	0	0	0	0	0	0	0	0	0	0	0	0	0	0	0	0	0	0	0	0	0	0	0	0	0	0	0	0	0	0	0	0	0	0	0	0	0	0	0	0	0	0	0	0	0	0	0	0	0	0	0	0	0	0	0	0	0	0	0	0	0	0	0	0	0	0	0	0	0	0	0	0	0	0	0	0	0	0	0	0	0	0	0	0	0	0	0	0	0	0
0	0	0	0	0	0	0	0	0	0	0	0	0	0	0	0	0	0	0	0	0	0	0	0	0	0	0	0	0	0	0	0	0	0	0	0	0	0	0	0	0	0	0	0	0	0	0	0	0	0	0	0	0	0	0	0	0	0	0	0	0	0	0	0	0	0	0	0	0	0	0	0	0	0	0	0	0	0	0	0	0	0	0	0	0	0	0	0	0	0	0	0	0	0	0	0	0	0	0	0	0	0	0	0	0	0	0	0	0	0	0	0	0	0	0	0	0	0	0	0	0	0	0	0	0	0	0	0	0	0	0	0	0	0	0	0	0	0	0	0	0	0	0	0	0	0	0	0	0	0	0	0	0	0	0	0	0	0	0	0	0	0	0	0	0	0	0	0	0	0	0	0	0	0	0	0	0	0	0	0	0	0	0	0	0	0	0	0	0	0	0	0	0	0	0	0	0	0	0	0	0	0	0	0	0	0	0	0	0	0	0	0	0	0	0	0	0
0	0	0	0	0	0	0	0	0	0	0	0	0	0	0	0	0	0	0	0	0	0	0	0	0	0	0	0	0	0	0	0	0	0	0	0	0	0	0	0	0	0	0	0	0	0	0	0	0	0	0	0	0	0	0	0	0	0	0	0	0	0	0	0	0	0	0	0	0	0	0	0	0	0	0	0	0	0	0	0	0	0	0	0	0	0	0	0	0	0	0	0	0	0	0	0	0	0	0	0	0	0	0	0	0	0	0	0	0	0	0	0	0	0	0	0	0	0	0	0	0	0	0	0	0	0	0	0	0	0	0	0	0	0	0	0	0	0	0	0	0	0	0	0	0	0	0	0	0	0	0	0	0	0	0	0	0	0	0	0	0	0	0	0	0	0	0	0	0	0	0	0	0	0	0	0	0	0	0	0	0	0	0	0	0	0	0	0	0	0	0	0	0	0	0	0	0	0	0	0	0	0	0	0	0	0	0	0	0	0	0	0	0	0	0	0	0
0	0	0	0	0	0	0	0	0	0	0	0	0	0	0	0	0	0	0	0	0	0	0	0	0	0	0	0	0	0	0	0	0	0	0	0	0	0	0	0	0	0	0	0	0	0	0	0	0	0	0	0	0	0	0	0	0	0	0	0	0	0	0	0	0	0	0	0	0	0	0	0	0	0	0	0	0	0	0	0	0	0	0	0	0	0	0	0	0	0	0	0	0	0	0	0	0	0	0	0	0	0	0	0	0	0	0	0	0	0	0	0	0	0	0	0	0	0	0	0	0	0	0	0	0	0	0	0	0	0	0	0	0	0	0	0	0	0	0	0	0	0	0	0	0	0	0	0	0	0	0	0	0	0	0	0	0	0	0	0	0	0	0	0	0	0	0	0	0	0	0	0	0	0	0	0	0	0	0	0	0	0	0	0	0	0	0	0	0	0	0	0	0	0	0	0	0	0	0	0	0	0	0	0	0	0	0	0	0	0	0	0	0	0	0	0	0
0	0	0	0	0	-9.96	-9.91	-9.87	-9.83	-9.78	-9.74	-9.7	-9.65	-9.61	-9.57	-9.52	-9.48	-9.43	-9.39	-9.35	-9.3	-9.26	-9.22	-9.17	-9.13	-9.09	-9.04	-9	-8.96	-8.91	-8.87	-8.83	-8.78	-8.74	-8.7	-8.65	-8.61	-8.57	-8.52	-8.48	-8.46	-8.43	-8.41	-8.39	-8.36	-8.34	-8.32	-8.3	-8.27	-8.25	-8.23	-8.21	-8.18	-8.16	-8.14	-8.12	-8.09	-8.07	-8.05	-8.02	-8	-7.98	-7.96	-8	-8.04	-8.09	-8.13	-8.17	-8.22	-8.26	-8.3	-8.35	-8.39	-8.43	-8.48	-8.52	-8.57	-8.61	-8.65	-8.7	-8.74	-8.78	-8.83	-8.87	-8.91	-8.96	-8.91	-8.87	-8.83	-8.79	-8.75	-8.71	-8.67	-8.62	-8.58	-8.54	-8.5	-8.46	-8.42	-8.37	-8.33	-8.29	-8.25	-8.21	-8.17	-8.12	-8.08	-8.04	-8	-7.9	-7.79	-7.69	-7.58	-7.48	-7.38	-7.27	-7.17	-7.06	-6.96	-6.86	-6.75	-6.65	-6.54	-6.44	-6.34	-6.23	-6.13	-6.02	-5.92	-5.82	-5.71	-5.61	-5.59	-5.56	-5.54	-5.52	-5.5	-5.47	-5.45	-5.43	-5.4	-5.38	-5.36	-5.34	-5.31	-5.29	-5.27	-5.25	-5.22	-5.2	-5.18	-5.16	-5.13	-5.11	-5.09	-5.01	-4.94	-4.86	-4.78	-4.71	-4.63	-4.56	-4.48	-4.41	-4.33	-4.26	-4.18	-4.1	-4.03	-3.95	-3.88	-3.8	-3.73	-3.65	-3.57	-3.5	-3.42	-3.35	-3.35	-3.35	-3.35	-3.35	-3.35	-3.35	-3.35	-3.35	-3.35	-3.35	-3.35	-3.35	-3.35	-3.35	-3.35	-3.35	-3.35	-3.35	-3.35	-3.35	-3.35	-3.35	-3.35	-3.35	-3.35	-3.35	-3.35	-3.35	-3.35	-3.35	-3.35	-3.35	-3.35	-3.35	0	0	0	0	0
0	0	0	0	0	-9.91	-9.87	-9.83	-9.78	-9.74	-9.7	-9.65	-9.61	-9.57	-9.52	-9.48	-9.43	-9.39	-9.35	-9.3	-9.26	-9.22	-9.17	-9.13	-9.09	-9.04	-9	-8.96	-8.91	-8.87	-8.83	-8.78	-8.74	-8.7	-8.65	-8.61	-8.57	-8.52	-8.48	-8.43	-8.41	-8.39	-8.36	-8.34	-8.31	-8.29	-8.26	-8.24	-8.21	-8.19	-8.16	-8.14	-8.12	-8.09	-8.07	-8.04	-8.02	-7.99	-7.97	-7.94	-7.92	-7.89	-7.87	-7.91	-7.96	-8	-8.04	-8.09	-8.13	-8.17	-8.22	-8.26	-8.3	-8.35	-8.39	-8.43	-8.48	-8.52	-8.57	-8.61	-8.65	-8.7	-8.74	-8.78	-8.83	-8.87	-8.83	-8.79	-8.76	-8.72	-8.68	-8.64	-8.6	-8.57	-8.53	-8.49	-8.45	-8.42	-8.38	-8.34	-8.3	-8.26	-8.23	-8.19	-8.15	-8.11	-8.08	-8.04	-8	-7.91	-7.81	-7.72	-7.62	-7.53	-7.43	-7.34	-7.24	-7.15	-7.05	-6.96	-6.87	-6.77	-6.68	-6.58	-6.49	-6.39	-6.3	-6.2	-6.11	-6.02	-5.92	-5.83	-5.8	-5.78	-5.75	-5.73	-5.7	-5.68	-5.65	-5.63	-5.6	-5.58	-5.56	-5.53	-5.51	-5.48	-5.46	-5.43	-5.41	-5.38	-5.36	-5.33	-5.31	-5.29	-5.26	-5.16	-5.07	-4.97	-4.88	-4.78	-4.68	-4.59	-4.49	-4.39	-4.3	-4.2	-4.1	-4.01	-3.91	-3.81	-3.72	-3.62	-3.53	-3.43	-3.33	-3.24	-3.14	-3.04	-3.04	-3.04	-3.04	-3.04	-3.04	-3.04	-3.04	-3.04	-3.04	-3.04	-3.04	-3.04	-3.04	-3.04	-3.04	-3.04	-3.04	-3.04	-3.04	-3.04	-3.04	-3.04	-3.04	-3.04	-3.04	-3.04	-3.04	-3.04	-3.04	-3.04	-3.04	-3.04	-3.04	-3.04	0	0	0	0	0
0	0	0	0	0	-9.87	-9.83	-9.78	-9.74	-9.7	-9.65	-9.61	-9.57	-9.52	-9.48	-9.43	-9.39	-9.35	-9.3	-9.26	-9.22	-9.17	-9.13	-9.09	-9.04	-9	-8.96	-8.91	-8.87	-8.83	-8.78	-8.74	-8.7	-8.65	-8.61	-8.57	-8.52	-8.48	-8.43	-8.39	-8.36	-8.34	-8.31	-8.29	-8.26	-8.23	-8.21	-8.18	-8.15	-8.13	-8.1	-8.07	-8.05	-8.02	-7.99	-7.97	-7.94	-7.91	-7.89	-7.86	-7.84	-7.81	-7.78	-7.83	-7.87	-7.91	-7.96	-8	-8.04	-8.09	-8.13	-8.17	-8.22	-8.26	-8.3	-8.35	-8.39	-8.43	-8.48	-8.52	-8.57	-8.61	-8.65	-8.7	-8.74	-8.78	-8.75	-8.71	-8.68	-8.65	-8.61	-8.58	-8.54	-8.51	-8.48	-8.44	-8.41	-8.37	-8.34	-8.31	-8.27	-8.24	-8.2	-8.17	-8.14	-8.1	-8.07	-8.03	-8	-7.91	-7.83	-7.74	-7.66	-7.57	-7.49	-7.4	-7.32	-7.23	-7.15	-7.06	-6.98	-6.89	-6.81	-6.72	-6.64	-6.55	-6.47	-6.38	-6.3	-6.21	-6.13	-6.04	-6.02	-5.99	-5.96	-5.94	-5.91	-5.88	-5.86	-5.83	-5.81	-5.78	-5.75	-5.73	-5.7	-5.67	-5.65	-5.62	-5.59	-5.57	-5.54	-5.51	-5.49	-5.46	-5.43	-5.32	-5.2	-5.08	-4.97	-4.85	-4.73	-4.61	-4.5	-4.38	-4.26	-4.15	-4.03	-3.91	-3.79	-3.68	-3.56	-3.44	-3.33	-3.21	-3.09	-2.97	-2.86	-2.74	-2.74	-2.74	-2.74	-2.74	-2.74	-2.74	-2.74	-2.74	-2.74	-2.74	-2.74	-2.74	-2.74	-2.74	-2.74	-2.74	-2.74	-2.74	-2.74	-2.74	-2.74	-2.74	-2.74	-2.74	-2.74	-2.74	-2.74	-2.74	-2.74	-2.74	-2.74	-2.74	-2.74	-2.74	0	0	0	0	0
0	0	0	0	0	-9.83	-9.78	-9.74	-9.7	-9.65	-9.61	-9.57	-9.52	-9.48	-9.43	-9.39	-9.35	-9.3	-9.26	-9.22	-9.17	-9.13	-9.09	-9.04	-9	-8.96	-8.91	-8.87	-8.83	-8.78	-8.74	-8.7	-8.65	-8.61	-8.57	-8.52	-8.48	-8.43	-8.39	-8.35	-8.32	-8.29	-8.26	-8.23	-8.21	-8.18	-8.15	-8.12	-8.09	-8.06	-8.04	-8.01	-7.98	-7.95	-7.92	-7.89	-7.87	-7.84	-7.81	-7.78	-7.75	-7.72	-7.7	-7.74	-7.78	-7.83	-7.87	-7.91	-7.96	-8	-8.04	-8.09	-8.13	-8.17	-8.22	-8.26	-8.3	-8.35	-8.39	-8.43	-8.48	-8.52	-8.57	-8.61	-8.65	-8.7	-8.67	-8.64	-8.6	-8.57	-8.54	-8.51	-8.48	-8.45	-8.42	-8.39	-8.36	-8.33	-8.3	-8.27	-8.24	-8.21	-8.18	-8.15	-8.12	-8.09	-8.06	-8.03	-8	-7.92	-7.85	-7.77	-7.7	-7.62	-7.55	-7.47	-7.4	-7.32	-7.24	-7.17	-7.09	-7.02	-6.94	-6.87	-6.79	-6.71	-6.64	-6.56	-6.49	-6.41	-6.34	-6.26	-6.23	-6.2	-6.18	-6.15	-6.12	-6.09	-6.06	-6.03	-6.01	-5.98	-5.95	-5.92	-5.89	-5.86	-5.84	-5.81	-5.78	-5.75	-5.72	-5.69	-5.67	-5.64	-5.61	-5.47	-5.33	-5.19	-5.06	-4.92	-4.78	-4.64	-4.5	-4.37	-4.23	-4.09	-3.95	-3.81	-3.68	-3.54	-3.4	-3.26	-3.12	-2.99	-2.85	-2.71	-2.57	-2.43	-2.43	-2.43	-2.43	-2.43	-2.43	-2.43	-2.43	-2.43	-2.43	-2.43	-2.43	-2.43	-2.43	-2.43	-2.43	-2.43	-2.43	-2.43	-2.43	-2.43	-2.43	-2.43	-2.43	-2.43	-2.43	-2.43	-2.43	-2.43	-2.43	-2.43	-2.43	-2.43	-2.43	-2.43	0	0	0	0	0
0	0	0	0	0	-9.78	-9.74	-9.7	-9.65	-9.61	-9.57	-9.52	-9.48	-9.43	-9.39	-9.35	-9.3	-9.26	-9.22	-9.17	-9.13	-9.09	-9.04	-9	-8.96	-8.91	-8.87	-8.83	-8.78	-8.74	-8.7	-8.65	-8.61	-8.57	-8.52	-8.48	-8.43	-8.39	-8.35	-8.3	-8.27	-8.24	-8.21	-8.18	-8.15	-8.12	-8.09	-8.06	-8.03	-8	-7.97	-7.94	-7.91	-7.88	-7.85	-7.82	-7.79	-7.76	-7.73	-7.7	-7.67	-7.64	-7.61	-7.65	-7.7	-7.74	-7.78	-7.83	-7.87	-7.91	-7.96	-8	-8.04	-8.09	-8.13	-8.17	-8.22	-8.26	-8.3	-8.35	-8.39	-8.43	-8.48	-8.52	-8.57	-8.61	-8.58	-8.56	-8.53	-8.5	-8.48	-8.45	-8.42	-8.4	-8.37	-8.34	-8.32	-8.29	-8.26	-8.24	-8.21	-8.19	-8.16	-8.13	-8.11	-8.08	-8.05	-8.03	-8	-7.93	-7.87	-7.8	-7.74	-7.67	-7.6	-7.54	-7.47	-7.4	-7.34	-7.27	-7.21	-7.14	-7.07	-7.01	-6.94	-6.88	-6.81	-6.74	-6.68	-6.61	-6.54	-6.48	-6.45	-6.42	-6.39	-6.36	-6.33	-6.3	-6.27	-6.24	-6.21	-6.18	-6.15	-6.12	-6.09	-6.05	-6.02	-5.99	-5.96	-5.93	-5.9	-5.87	-5.84	-5.81	-5.78	-5.62	-5.47	-5.31	-5.15	-4.99	-4.83	-4.67	-4.51	-4.35	-4.19	-4.04	-3.88	-3.72	-3.56	-3.4	-3.24	-3.08	-2.92	-2.77	-2.61	-2.45	-2.29	-2.13	-2.13	-2.13	-2.13	-2.13	-2.13	-2.13	-2.13	-2.13	-2.13	-2.13	-2.13	-2.13	-2.13	-2.13	-2.13	-2.13	-2.13	-2.13	-2.13	-2.13	-2.13	-2.13	-2.13	-2.13	-2.13	-2.13	-2.13	-2.13	-2.13	-2.13	-2.13	-2.13	-2.13	-2.13	0	0	0	0	0
0	0	0	0	0	-9.74	-9.7	-9.65	-9.61	-9.57	-9.52	-9.48	-9.43	-9.39	-9.35	-9.3	-9.26	-9.22	-9.17	-9.13	-9.09	-9.04	-9	-8.96	-8.91	-8.87	-8.83	-8.78	-8.74	-8.7	-8.65	-8.61	-8.57	-8.52	-8.48	-8.43	-8.39	-8.35	-8.3	-8.26	-8.23	-8.2	-8.16	-8.13	-8.1	-8.07	-8.04	-8	-7.97	-7.94	-7.91	-7.88	-7.84	-7.81	-7.78	-7.75	-7.71	-7.68	-7.65	-7.62	-7.59	-7.55	-7.52	-7.57	-7.61	-7.65	-7.7	-7.74	-7.78	-7.83	-7.87	-7.91	-7.96	-8	-8.04	-8.09	-8.13	-8.17	-8.22	-8.26	-8.3	-8.35	-8.39	-8.43	-8.48	-8.52	-8.5	-8.48	-8.45	-8.43	-8.41	-8.39	-8.36	-8.34	-8.32	-8.29	-8.27	-8.25	-8.23	-8.2	-8.18	-8.16	-8.14	-8.11	-8.09	-8.07	-8.05	-8.02	-8	-7.94	-7.89	-7.83	-7.77	-7.72	-7.66	-7.6	-7.55	-7.49	-7.43	-7.38	-7.32	-7.26	-7.21	-7.15	-7.09	-7.04	-6.98	-6.92	-6.87	-6.81	-6.75	-6.7	-6.66	-6.63	-6.6	-6.57	-6.53	-6.5	-6.47	-6.44	-6.41	-6.37	-6.34	-6.31	-6.28	-6.25	-6.21	-6.18	-6.15	-6.12	-6.09	-6.05	-6.02	-5.99	-5.96	-5.78	-5.6	-5.42	-5.24	-5.06	-4.88	-4.7	-4.52	-4.34	-4.16	-3.98	-3.8	-3.62	-3.44	-3.26	-3.08	-2.9	-2.72	-2.54	-2.36	-2.19	-2.01	-1.83	-1.83	-1.83	-1.83	-1.83	-1.83	-1.83	-1.83	-1.83	-1.83	-1.83	-1.83	-1.83	-1.83	-1.83	-1.83	-1.83	-1.83	-1.83	-1.83	-1.83	-1.83	-1.83	-1.83	-1.83	-1.83	-1.83	-1.83	-1.83	-1.83	-1.83	-1.83	-1.83	-1.83	-1.83	0	0	0	0	0
0	0	0	0	0	-9.7	-9.65	-9.61	-9.57	-9.52	-9.48	-9.43	-9.39	-9.35	-9.3	-9.26	-9.22	-9.17	-9.13	-9.09	-9.04	-9	-8.96	-8.91	-8.87	-8.83	-8.78	-8.74	-8.7	-8.65	-8.61	-8.57	-8.52	-8.48	-8.43	-8.39	-8.35	-8.3	-8.26	-8.22	-8.18	-8.15	-8.12	-8.08	-8.05	-8.01	-7.98	-7.95	-7.91	-7.88	-7.84	-7.81	-7.78	-7.74	-7.71	-7.67	-7.64	-7.6	-7.57	-7.54	-7.5	-7.47	-7.43	-7.48	-7.52	-7.57	-7.61	-7.65	-7.7	-7.74	-7.78	-7.83	-7.87	-7.91	-7.96	-8	-8.04	-8.09	-8.13	-8.17	-8.22	-8.26	-8.3	-8.35	-8.39	-8.43	-8.42	-8.4	-8.38	-8.36	-8.34	-8.32	-8.3	-8.28	-8.26	-8.25	-8.23	-8.21	-8.19	-8.17	-8.15	-8.13	-8.11	-8.09	-8.08	-8.06	-8.04	-8.02	-8	-7.95	-7.91	-7.86	-7.81	-7.76	-7.72	-7.67	-7.62	-7.57	-7.53	-7.48	-7.43	-7.39	-7.34	-7.29	-7.24	-7.2	-7.15	-7.1	-7.05	-7.01	-6.96	-6.91	-6.88	-6.84	-6.81	-6.78	-6.74	-6.71	-6.67	-6.64	-6.61	-6.57	-6.54	-6.5	-6.47	-6.44	-6.4	-6.37	-6.33	-6.3	-6.27	-6.23	-6.2	-6.16	-6.13	-5.93	-5.73	-5.53	-5.33	-5.13	-4.93	-4.73	-4.53	-4.33	-4.13	-3.93	-3.73	-3.53	-3.33	-3.12	-2.92	-2.72	-2.52	-2.32	-2.12	-1.92	-1.72	-1.52	-1.52	-1.52	-1.52	-1.52	-1.52	-1.52	-1.52	-1.52	-1.52	-1.52	-1.52	-1.52	-1.52	-1.52	-1.52	-1.52	-1.52	-1.52	-1.52	-1.52	-1.52	-1.52	-1.52	-1.52	-1.52	-1.52	-1.52	-1.52	-1.52	-1.52	-1.52	-1.52	-1.52	-1.52	0	0	0	0	0
0	0	0	0	0	-9.65	-9.61	-9.57	-9.52	-9.48	-9.43	-9.39	-9.35	-9.3	-9.26	-9.22	-9.17	-9.13	-9.09	-9.04	-9	-8.96	-8.91	-8.87	-8.83	-8.78	-8.74	-8.7	-8.65	-8.61	-8.57	-8.52	-8.48	-8.43	-8.39	-8.35	-8.3	-8.26	-8.22	-8.17	-8.14	-8.1	-8.07	-8.03	-7.99	-7.96	-7.92	-7.89	-7.85	-7.81	-7.78	-7.74	-7.71	-7.67	-7.64	-7.6	-7.56	-7.53	-7.49	-7.46	-7.42	-7.38	-7.35	-7.39	-7.43	-7.48	-7.52	-7.57	-7.61	-7.65	-7.7	-7.74	-7.78	-7.83	-7.87	-7.91	-7.96	-8	-8.04	-8.09	-8.13	-8.17	-8.22	-8.26	-8.3	-8.35	-8.33	-8.32	-8.3	-8.29	-8.27	-8.26	-8.24	-8.23	-8.21	-8.2	-8.18	-8.17	-8.15	-8.14	-8.12	-8.11	-8.09	-8.08	-8.06	-8.05	-8.03	-8.02	-8	-7.96	-7.92	-7.89	-7.85	-7.81	-7.77	-7.74	-7.7	-7.66	-7.62	-7.58	-7.55	-7.51	-7.47	-7.43	-7.4	-7.36	-7.32	-7.28	-7.24	-7.21	-7.17	-7.13	-7.09	-7.06	-7.02	-6.99	-6.95	-6.91	-6.88	-6.84	-6.81	-6.77	-6.74	-6.7	-6.66	-6.63	-6.59	-6.56	-6.52	-6.48	-6.45	-6.41	-6.38	-6.34	-6.3	-6.08	-5.86	-5.64	-5.42	-5.2	-4.98	-4.76	-4.53	-4.31	-4.09	-3.87	-3.65	-3.43	-3.21	-2.99	-2.77	-2.54	-2.32	-2.1	-1.88	-1.66	-1.44	-1.22	-1.22	-1.22	-1.22	-1.22	-1.22	-1.22	-1.22	-1.22	-1.22	-1.22	-1.22	-1.22	-1.22	-1.22	-1.22	-1.22	-1.22	-1.22	-1.22	-1.22	-1.22	-1.22	-1.22	-1.22	-1.22	-1.22	-1.22	-1.22	-1.22	-1.22	-1.22	-1.22	-1.22	-1.22	0	0	0	0	0
0	0	0	0	0	-9.61	-9.57	-9.52	-9.48	-9.43	-9.39	-9.35	-9.3	-9.26	-9.22	-9.17	-9.13	-9.09	-9.04	-9	-8.96	-8.91	-8.87	-8.83	-8.78	-8.74	-8.7	-8.65	-8.61	-8.57	-8.52	-8.48	-8.43	-8.39	-8.35	-8.3	-8.26	-8.22	-8.17	-8.13	-8.09	-8.05	-8.02	-7.98	-7.94	-7.9	-7.87	-7.83	-7.79	-7.75	-7.71	-7.68	-7.64	-7.6	-7.56	-7.53	-7.49	-7.45	-7.41	-7.37	-7.34	-7.3	-7.26	-7.3	-7.35	-7.39	-7.43	-7.48	-7.52	-7.57	-7.61	-7.65	-7.7	-7.74	-7.78	-7.83	-7.87	-7.91	-7.96	-8	-8.04	-8.09	-8.13	-8.17	-8.22	-8.26	-8.25	-8.24	-8.23	-8.22	-8.2	-8.19	-8.18	-8.17	-8.16	-8.15	-8.14	-8.12	-8.11	-8.1	-8.09	-8.08	-8.07	-8.06	-8.05	-8.03	-8.02	-8.01	-8	-7.97	-7.94	-7.91	-7.89	-7.86	-7.83	-7.8	-7.77	-7.74	-7.72	-7.69	-7.66	-7.63	-7.6	-7.57	-7.55	-7.52	-7.49	-7.46	-7.43	-7.4	-7.38	-7.35	-7.31	-7.27	-7.23	-7.2	-7.16	-7.12	-7.08	-7.05	-7.01	-6.97	-6.93	-6.89	-6.86	-6.82	-6.78	-6.74	-6.71	-6.67	-6.63	-6.59	-6.55	-6.52	-6.48	-6.24	-5.99	-5.75	-5.51	-5.27	-5.03	-4.78	-4.54	-4.3	-4.06	-3.82	-3.57	-3.33	-3.09	-2.85	-2.61	-2.36	-2.12	-1.88	-1.64	-1.4	-1.16	-0.91	-0.91	-0.91	-0.91	-0.91	-0.91	-0.91	-0.91	-0.91	-0.91	-0.91	-0.91	-0.91	-0.91	-0.91	-0.91	-0.91	-0.91	-0.91	-0.91	-0.91	-0.91	-0.91	-0.91	-0.91	-0.91	-0.91	-0.91	-0.91	-0.91	-0.91	-0.91	-0.91	-0.91	-0.91	0	0	0	0	0
0	0	0	0	0	-9.57	-9.52	-9.48	-9.43	-9.39	-9.35	-9.3	-9.26	-9.22	-9.17	-9.13	-9.09	-9.04	-9	-8.96	-8.91	-8.87	-8.83	-8.78	-8.74	-8.7	-8.65	-8.61	-8.57	-8.52	-8.48	-8.43	-8.39	-8.35	-8.3	-8.26	-8.22	-8.17	-8.13	-8.09	-8.05	-8.01	-7.97	-7.93	-7.89	-7.85	-7.81	-7.77	-7.73	-7.69	-7.65	-7.61	-7.57	-7.53	-7.49	-7.45	-7.41	-7.37	-7.33	-7.29	-7.25	-7.21	-7.17	-7.22	-7.26	-7.3	-7.35	-7.39	-7.43	-7.48	-7.52	-7.57	-7.61	-7.65	-7.7	-7.74	-7.78	-7.83	-7.87	-7.91	-7.96	-8	-8.04	-8.09	-8.13	-8.17	-8.17	-8.16	-8.15	-8.14	-8.14	-8.13	-8.12	-8.11	-8.11	-8.1	-8.09	-8.08	-8.08	-8.07	-8.06	-8.05	-8.05	-8.04	-8.03	-8.02	-8.02	-8.01	-8	-7.98	-7.96	-7.94	-7.92	-7.91	-7.89	-7.87	-7.85	-7.83	-7.81	-7.79	-7.77	-7.75	-7.74	-7.72	-7.7	-7.68	-7.66	-7.64	-7.62	-7.6	-7.58	-7.57	-7.53	-7.49	-7.45	-7.41	-7.37	-7.33	-7.29	-7.25	-7.21	-7.17	-7.13	-7.09	-7.05	-7.01	-6.97	-6.93	-6.89	-6.85	-6.81	-6.77	-6.73	-6.69	-6.65	-6.39	-6.13	-5.86	-5.6	-5.34	-5.08	-4.81	-4.55	-4.29	-4.02	-3.76	-3.5	-3.24	-2.97	-2.71	-2.45	-2.19	-1.92	-1.66	-1.4	-1.13	-0.87	-0.61	-0.61	-0.61	-0.61	-0.61	-0.61	-0.61	-0.61	-0.61	-0.61	-0.61	-0.61	-0.61	-0.61	-0.61	-0.61	-0.61	-0.61	-0.61	-0.61	-0.61	-0.61	-0.61	-0.61	-0.61	-0.61	-0.61	-0.61	-0.61	-0.61	-0.61	-0.61	-0.61	-0.61	-0.61	0	0	0	0	0
0	0	0	0	0	-9.52	-9.48	-9.43	-9.39	-9.35	-9.3	-9.26	-9.22	-9.17	-9.13	-9.09	-9.04	-9	-8.96	-8.91	-8.87	-8.83	-8.78	-8.74	-8.7	-8.65	-8.61	-8.57	-8.52	-8.48	-8.43	-8.39	-8.35	-8.3	-8.26	-8.22	-8.17	-8.13	-8.09	-8.04	-8	-7.96	-7.92	-7.88	-7.84	-7.79	-7.75	-7.71	-7.67	-7.63	-7.59	-7.54	-7.5	-7.46	-7.42	-7.38	-7.34	-7.29	-7.25	-7.21	-7.17	-7.13	-7.09	-7.13	-7.17	-7.22	-7.26	-7.3	-7.35	-7.39	-7.43	-7.48	-7.52	-7.57	-7.61	-7.65	-7.7	-7.74	-7.78	-7.83	-7.87	-7.91	-7.96	-8	-8.04	-8.09	-8.08	-8.08	-8.08	-8.07	-8.07	-8.06	-8.06	-8.06	-8.05	-8.05	-8.05	-8.04	-8.04	-8.03	-8.03	-8.03	-8.02	-8.02	-8.02	-8.01	-8.01	-8	-8	-7.99	-7.98	-7.97	-7.96	-7.95	-7.94	-7.93	-7.92	-7.91	-7.91	-7.9	-7.89	-7.88	-7.87	-7.86	-7.85	-7.84	-7.83	-7.82	-7.81	-7.8	-7.79	-7.78	-7.74	-7.7	-7.66	-7.62	-7.57	-7.53	-7.49	-7.45	-7.41	-7.37	-7.33	-7.28	-7.24	-7.2	-7.16	-7.12	-7.08	-7.03	-6.99	-6.95	-6.91	-6.87	-6.83	-6.54	-6.26	-5.98	-5.69	-5.41	-5.12	-4.84	-4.56	-4.27	-3.99	-3.71	-3.42	-3.14	-2.86	-2.57	-2.29	-2.01	-1.72	-1.44	-1.16	-0.87	-0.59	-0.3	-0.3	-0.3	-0.3	-0.3	-0.3	-0.3	-0.3	-0.3	-0.3	-0.3	-0.3	-0.3	-0.3	-0.3	-0.3	-0.3	-0.3	-0.3	-0.3	-0.3	-0.3	-0.3	-0.3	-0.3	-0.3	-0.3	-0.3	-0.3	-0.3	-0.3	-0.3	-0.3	-0.3	-0.3	0	0	0	0	0
0	0	0	0	0	-9.48	-9.43	-9.39	-9.35	-9.3	-9.26	-9.22	-9.17	-9.13	-9.09	-9.04	-9	-8.96	-8.91	-8.87	-8.83	-8.78	-8.74	-8.7	-8.65	-8.61	-8.57	-8.52	-8.48	-8.43	-8.39	-8.35	-8.3	-8.26	-8.22	-8.17	-8.13	-8.09	-8.04	-8	-7.96	-7.91	-7.87	-7.83	-7.78	-7.74	-7.7	-7.65	-7.61	-7.57	-7.52	-7.48	-7.43	-7.39	-7.35	-7.3	-7.26	-7.22	-7.17	-7.13	-7.09	-7.04	-7	-7.04	-7.09	-7.13	-7.17	-7.22	-7.26	-7.3	-7.35	-7.39	-7.43	-7.48	-7.52	-7.57	-7.61	-7.65	-7.7	-7.74	-7.78	-7.83	-7.87	-7.91	-7.96	-8	-8	-8	-8	-8	-8	-8	-8	-8	-8	-8	-8	-8	-8	-8	-8	-8	-8	-8	-8	-8	-8	-8	-8	-8	-8	-8	-8	-8	-8	-8	-8	-8	-8	-8	-8	-8	-8	-8	-8	-8	-8	-8	-8	-8	-8	-8	-7.96	-7.91	-7.87	-7.83	-7.78	-7.74	-7.7	-7.65	-7.61	-7.57	-7.52	-7.48	-7.43	-7.39	-7.35	-7.3	-7.26	-7.22	-7.17	-7.13	-7.09	-7.04	-7	-6.7	-6.39	-6.09	-5.78	-5.48	-5.17	-4.87	-4.57	-4.26	-3.96	-3.65	-3.35	-3.04	-2.74	-2.43	-2.13	-1.83	-1.52	-1.22	-0.91	-0.61	-0.3	0	0	0	0	0	0	0	0	0	0	0	0	0	0	0	0	0	0	0	0	0	0	0	0	0	0	0	0	0	0	0	0	0	0	0	0	0	0	0	0
0	0	0	0	0	-9.43	-9.39	-9.35	-9.3	-9.26	-9.22	-9.17	-9.13	-9.09	-9.04	-9	-8.96	-8.91	-8.87	-8.83	-8.78	-8.74	-8.7	-8.65	-8.61	-8.57	-8.52	-8.48	-8.43	-8.39	-8.35	-8.3	-8.26	-8.22	-8.17	-8.13	-8.09	-8.04	-8	-7.96	-7.91	-7.87	-7.82	-7.78	-7.73	-7.68	-7.64	-7.59	-7.55	-7.5	-7.46	-7.41	-7.37	-7.32	-7.28	-7.23	-7.19	-7.14	-7.09	-7.05	-7	-6.96	-6.91	-6.96	-7	-7.04	-7.09	-7.13	-7.17	-7.22	-7.26	-7.3	-7.35	-7.39	-7.43	-7.48	-7.52	-7.57	-7.61	-7.65	-7.7	-7.74	-7.78	-7.83	-7.87	-7.91	-7.92	-7.92	-7.92	-7.93	-7.93	-7.94	-7.94	-7.94	-7.95	-7.95	-7.95	-7.96	-7.96	-7.97	-7.97	-7.97	-7.98	-7.98	-7.98	-7.99	-7.99	-8	-8	-8.01	-8.02	-8.03	-8.04	-8.05	-8.06	-8.07	-8.08	-8.09	-8.09	-8.1	-8.11	-8.12	-8.13	-8.14	-8.15	-8.16	-8.17	-8.18	-8.19	-8.2	-8.21	-8.22	-8.17	-8.13	-8.08	-8.04	-7.99	-7.95	-7.9	-7.85	-7.81	-7.76	-7.72	-7.67	-7.63	-7.58	-7.54	-7.49	-7.45	-7.4	-7.36	-7.31	-7.26	-7.22	-7.17	-6.85	-6.52	-6.2	-5.87	-5.55	-5.22	-4.9	-4.57	-4.25	-3.92	-3.6	-3.27	-2.95	-2.62	-2.3	-1.97	-1.65	-1.32	-1	-0.67	-0.35	-0.02	0	0	0	0	0	0	0	0	0	0	0	0	0	0	0	0	0	0	0	0	0	0	0	0	0	0	0	0	0	0	0	0	0	0	0	0	0	0	0	0
0	0	0	0	0	-9.39	-9.35	-9.3	-9.26	-9.22	-9.17	-9.13	-9.09	-9.04	-9	-8.96	-8.91	-8.87	-8.83	-8.78	-8.74	-8.7	-8.65	-8.61	-8.57	-8.52	-8.48	-8.43	-8.39	-8.35	-8.3	-8.26	-8.22	-8.17	-8.13	-8.09	-8.04	-8	-7.96	-7.91	-7.87	-7.82	-7.77	-7.72	-7.68	-7.63	-7.58	-7.53	-7.49	-7.44	-7.39	-7.35	-7.3	-7.25	-7.2	-7.16	-7.11	-7.06	-7.02	-6.97	-6.92	-6.87	-6.83	-6.87	-6.91	-6.96	-7	-7.04	-7.09	-7.13	-7.17	-7.22	-7.26	-7.3	-7.35	-7.39	-7.43	-7.48	-7.52	-7.57	-7.61	-7.65	-7.7	-7.74	-7.78	-7.83	-7.83	-7.84	-7.85	-7.86	-7.86	-7.87	-7.88	-7.89	-7.89	-7.9	-7.91	-7.92	-7.92	-7.93	-7.94	-7.95	-7.95	-7.96	-7.97	-7.98	-7.98	-7.99	-8	-8.02	-8.04	-8.06	-8.08	-8.09	-8.11	-8.13	-8.15	-8.17	-8.19	-8.21	-8.23	-8.25	-8.26	-8.28	-8.3	-8.32	-8.34	-8.36	-8.38	-8.4	-8.42	-8.43	-8.39	-8.34	-8.29	-8.25	-8.2	-8.15	-8.1	-8.06	-8.01	-7.96	-7.91	-7.87	-7.82	-7.77	-7.73	-7.68	-7.63	-7.58	-7.54	-7.49	-7.44	-7.4	-7.35	-7	-6.66	-6.31	-5.96	-5.62	-5.27	-4.93	-4.58	-4.23	-3.89	-3.54	-3.2	-2.85	-2.5	-2.16	-1.81	-1.47	-1.12	-0.78	-0.43	-0.08	0	0	0	0	0	0	0	0	0	0	0	0	0	0	0	0	0	0	0	0	0	0	0	0	0	0	0	0	0	0	0	0	0	0	0	0	0	0	0	0	0
0	0	0	0	0	-9.35	-9.3	-9.26	-9.22	-9.17	-9.13	-9.09	-9.04	-9	-8.96	-8.91	-8.87	-8.83	-8.78	-8.74	-8.7	-8.65	-8.61	-8.57	-8.52	-8.48	-8.43	-8.39	-8.35	-8.3	-8.26	-8.22	-8.17	-8.13	-8.09	-8.04	-8	-7.96	-7.91	-7.87	-7.82	-7.77	-7.72	-7.67	-7.62	-7.57	-7.53	-7.48	-7.43	-7.38	-7.33	-7.28	-7.23	-7.18	-7.13	-7.08	-7.03	-6.98	-6.94	-6.89	-6.84	-6.79	-6.74	-6.78	-6.83	-6.87	-6.91	-6.96	-7	-7.04	-7.09	-7.13	-7.17	-7.22	-7.26	-7.3	-7.35	-7.39	-7.43	-7.48	-7.52	-7.57	-7.61	-7.65	-7.7	-7.74	-7.75	-7.76	-7.77	-7.78	-7.8	-7.81	-7.82	-7.83	-7.84	-7.85	-7.86	-7.88	-7.89	-7.9	-7.91	-7.92	-7.93	-7.94	-7.95	-7.97	-7.98	-7.99	-8	-8.03	-8.06	-8.09	-8.11	-8.14	-8.17	-8.2	-8.23	-8.26	-8.28	-8.31	-8.34	-8.37	-8.4	-8.43	-8.45	-8.48	-8.51	-8.54	-8.57	-8.6	-8.62	-8.65	-8.6	-8.55	-8.5	-8.46	-8.41	-8.36	-8.31	-8.26	-8.21	-8.16	-8.11	-8.06	-8.01	-7.96	-7.91	-7.87	-7.82	-7.77	-7.72	-7.67	-7.62	-7.57	-7.52	-7.16	-6.79	-6.42	-6.05	-5.69	-5.32	-4.95	-4.59	-4.22	-3.85	-3.49	-3.12	-2.75	-2.39	-2.02	-1.65	-1.29	-0.92	-0.55	-0.19	0	0	0	0	0	0	0	0	0	0	0	0	0	0	0	0	0	0	0	0	0	0	0	0	0	0	0	0	0	0	0	0	0	0	0	0	0	0	0	0	0	0
0	0	0	0	0	-9.3	-9.26	-9.22	-9.17	-9.13	-9.09	-9.04	-9	-8.96	-8.91	-8.87	-8.83	-8.78	-8.74	-8.7	-8.65	-8.61	-8.57	-8.52	-8.48	-8.43	-8.39	-8.35	-8.3	-8.26	-8.22	-8.17	-8.13	-8.09	-8.04	-8	-7.96	-7.91	-7.87	-7.83	-7.78	-7.72	-7.67	-7.62	-7.57	-7.52	-7.47	-7.42	-7.37	-7.32	-7.26	-7.21	-7.16	-7.11	-7.06	-7.01	-6.96	-6.91	-6.86	-6.81	-6.75	-6.7	-6.65	-6.7	-6.74	-6.78	-6.83	-6.87	-6.91	-6.96	-7	-7.04	-7.09	-7.13	-7.17	-7.22	-7.26	-7.3	-7.35	-7.39	-7.43	-7.48	-7.52	-7.57	-7.61	-7.65	-7.67	-7.68	-7.7	-7.71	-7.73	-7.74	-7.76	-7.77	-7.79	-7.8	-7.82	-7.83	-7.85	-7.86	-7.88	-7.89	-7.91	-7.92	-7.94	-7.95	-7.97	-7.98	-8	-8.04	-8.08	-8.11	-8.15	-8.19	-8.23	-8.26	-8.3	-8.34	-8.38	-8.42	-8.45	-8.49	-8.53	-8.57	-8.6	-8.64	-8.68	-8.72	-8.76	-8.79	-8.83	-8.87	-8.82	-8.77	-8.72	-8.67	-8.61	-8.56	-8.51	-8.46	-8.41	-8.36	-8.31	-8.26	-8.21	-8.16	-8.1	-8.05	-8	-7.95	-7.9	-7.85	-7.8	-7.75	-7.7	-7.31	-6.92	-6.53	-6.15	-5.76	-5.37	-4.98	-4.6	-4.21	-3.82	-3.43	-3.05	-2.66	-2.27	-1.88	-1.5	-1.11	-0.72	-0.33	0	0	0	0	0	0	0	0	0	0	0	0	0	0	0	0	0	0	0	0	0	0	0	0	0	0	0	0	0	0	0	0	0	0	0	0	0	0	0	0	0	0	0
0	0	0	0	0	-9.26	-9.22	-9.17	-9.13	-9.09	-9.04	-9	-8.96	-8.91	-8.87	-8.83	-8.78	-8.74	-8.7	-8.65	-8.61	-8.57	-8.52	-8.48	-8.43	-8.39	-8.35	-8.3	-8.26	-8.22	-8.17	-8.13	-8.09	-8.04	-8	-7.96	-7.91	-7.87	-7.83	-7.78	-7.73	-7.68	-7.62	-7.57	-7.52	-7.47	-7.41	-7.36	-7.31	-7.25	-7.2	-7.15	-7.09	-7.04	-6.99	-6.94	-6.88	-6.83	-6.78	-6.72	-6.67	-6.62	-6.57	-6.61	-6.65	-6.7	-6.74	-6.78	-6.83	-6.87	-6.91	-6.96	-7	-7.04	-7.09	-7.13	-7.17	-7.22	-7.26	-7.3	-7.35	-7.39	-7.43	-7.48	-7.52	-7.57	-7.58	-7.6	-7.62	-7.64	-7.66	-7.68	-7.7	-7.72	-7.74	-7.75	-7.77	-7.79	-7.81	-7.83	-7.85	-7.87	-7.89	-7.91	-7.92	-7.94	-7.96	-7.98	-8	-8.05	-8.09	-8.14	-8.19	-8.24	-8.28	-8.33	-8.38	-8.43	-8.47	-8.52	-8.57	-8.61	-8.66	-8.71	-8.76	-8.8	-8.85	-8.9	-8.95	-8.99	-9.04	-9.09	-9.03	-8.98	-8.93	-8.88	-8.82	-8.77	-8.72	-8.66	-8.61	-8.56	-8.5	-8.45	-8.4	-8.35	-8.29	-8.24	-8.19	-8.13	-8.08	-8.03	-7.98	-7.92	-7.87	-7.46	-7.05	-6.64	-6.24	-5.83	-5.42	-5.01	-4.6	-4.19	-3.79	-3.38	-2.97	-2.56	-2.15	-1.74	-1.34	-0.93	-0.52	-0.11	0	0	0	0	0	0	0	0	0	0	0	0	0	0	0	0	0	0	0	0	0	0	0	0	0	0	0	0	0	0	0	0	0	0	0	0	0	0	0	0	0	0	0
0	0	0	0	0	-9.22	-9.17	-9.13	-9.09	-9.04	-9	-8.96	-8.91	-8.87	-8.83	-8.78	-8.74	-8.7	-8.65	-8.61	-8.57	-8.52	-8.48	-8.43	-8.39	-8.35	-8.3	-8.26	-8.22	-8.17	-8.13	-8.09	-8.04	-8	-7.96	-7.91	-7.87	-7.83	-7.78	-7.74	-7.68	-7.63	-7.57	-7.52	-7.47	-7.41	-7.36	-7.3	-7.25	-7.19	-7.14	-7.08	-7.03	-6.97	-6.92	-6.86	-6.81	-6.75	-6.7	-6.64	-6.59	-6.53	-6.48	-6.52	-6.57	-6.61	-6.65	-6.7	-6.74	-6.78	-6.83	-6.87	-6.91	-6.96	-7	-7.04	-7.09	-7.13	-7.17	-7.22	-7.26	-7.3	-7.35	-7.39	-7.43	-7.48	-7.5	-7.52	-7.55	-7.57	-7.59	-7.61	-7.64	-7.66	-7.68	-7.71	-7.73	-7.75	-7.77	-7.8	-7.82	-7.84	-7.86	-7.89	-7.91	-7.93	-7.95	-7.98	-8	-8.06	-8.11	-8.17	-8.23	-8.28	-8.34	-8.4	-8.45	-8.51	-8.57	-8.62	-8.68	-8.74	-8.79	-8.85	-8.91	-8.96	-9.02	-9.08	-9.13	-9.19	-9.25	-9.3	-9.25	-9.19	-9.14	-9.09	-9.03	-8.98	-8.92	-8.87	-8.81	-8.76	-8.7	-8.65	-8.59	-8.54	-8.48	-8.43	-8.37	-8.32	-8.26	-8.21	-8.15	-8.1	-8.04	-7.61	-7.19	-6.76	-6.33	-5.9	-5.47	-5.04	-4.61	-4.18	-3.75	-3.32	-2.89	-2.47	-2.04	-1.61	-1.18	-0.75	-0.32	0	0	0	0	0	0	0	0	0	0	0	0	0	0	0	0	0	0	0	0	0	0	0	0	0	0	0	0	0	0	0	0	0	0	0	0	0	0	0	0	0	0	0	0
0	0	0	0	0	-9.17	-9.13	-9.09	-9.04	-9	-8.96	-8.91	-8.87	-8.83	-8.78	-8.74	-8.7	-8.65	-8.61	-8.57	-8.52	-8.48	-8.43	-8.39	-8.35	-8.3	-8.26	-8.22	-8.17	-8.13	-8.09	-8.04	-8	-7.96	-7.91	-7.87	-7.83	-7.78	-7.74	-7.7	-7.64	-7.58	-7.53	-7.47	-7.41	-7.36	-7.3	-7.24	-7.19	-7.13	-7.07	-7.02	-6.96	-6.9	-6.84	-6.79	-6.73	-6.67	-6.62	-6.56	-6.5	-6.45	-6.39	-6.43	-6.48	-6.52	-6.57	-6.61	-6.65	-6.7	-6.74	-6.78	-6.83	-6.87	-6.91	-6.96	-7	-7.04	-7.09	-7.13	-7.17	-7.22	-7.26	-7.3	-7.35	-7.39	-7.42	-7.44	-7.47	-7.5	-7.52	-7.55	-7.58	-7.6	-7.63	-7.66	-7.68	-7.71	-7.74	-7.76	-7.79	-7.81	-7.84	-7.87	-7.89	-7.92	-7.95	-7.97	-8	-8.07	-8.13	-8.2	-8.26	-8.33	-8.4	-8.46	-8.53	-8.6	-8.66	-8.73	-8.79	-8.86	-8.93	-8.99	-9.06	-9.12	-9.19	-9.26	-9.32	-9.39	-9.46	-9.52	-9.47	-9.41	-9.35	-9.29	-9.24	-9.18	-9.12	-9.07	-9.01	-8.95	-8.9	-8.84	-8.78	-8.73	-8.67	-8.61	-8.56	-8.5	-8.44	-8.39	-8.33	-8.27	-8.22	-7.77	-7.32	-6.87	-6.42	-5.97	-5.52	-5.07	-4.62	-4.17	-3.72	-3.27	-2.82	-2.37	-1.92	-1.47	-1.02	-0.57	-0.12	0	0	0	0	0	0	0	0	0	0	0	0	0	0	0	0	0	0	0	0	0	0	0	0	0	0	0	0	0	0	0	0	0	0	0	0	0	0	0	0	0	0	0	0
0	0	0	0	0	-9.13	-9.09	-9.04	-9	-8.96	-8.91	-8.87	-8.83	-8.78	-8.74	-8.7	-8.65	-8.61	-8.57	-8.52	-8.48	-8.43	-8.39	-8.35	-8.3	-8.26	-8.22	-8.17	-8.13	-8.09	-8.04	-8	-7.96	-7.91	-7.87	-7.83	-7.78	-7.74	-7.7	-7.65	-7.59	-7.53	-7.48	-7.42	-7.36	-7.3	-7.24	-7.18	-7.12	-7.07	-7.01	-6.95	-6.89	-6.83	-6.77	-6.71	-6.66	-6.6	-6.54	-6.48	-6.42	-6.36	-6.3	-6.35	-6.39	-6.43	-6.48	-6.52	-6.57	-6.61	-6.65	-6.7	-6.74	-6.78	-6.83	-6.87	-6.91	-6.96	-7	-7.04	-7.09	-7.13	-7.17	-7.22	-7.26	-7.3	-7.33	-7.36	-7.4	-7.43	-7.46	-7.49	-7.52	-7.55	-7.58	-7.61	-7.64	-7.67	-7.7	-7.73	-7.76	-7.79	-7.82	-7.85	-7.88	-7.91	-7.94	-7.97	-8	-8.08	-8.15	-8.23	-8.3	-8.38	-8.45	-8.53	-8.6	-8.68	-8.76	-8.83	-8.91	-8.98	-9.06	-9.13	-9.21	-9.29	-9.36	-9.44	-9.51	-9.59	-9.66	-9.74	-9.68	-9.62	-9.56	-9.5	-9.45	-9.39	-9.33	-9.27	-9.21	-9.15	-9.09	-9.04	-8.98	-8.92	-8.86	-8.8	-8.74	-8.68	-8.63	-8.57	-8.51	-8.45	-8.39	-7.92	-7.45	-6.98	-6.51	-6.04	-5.57	-5.1	-4.63	-4.16	-3.68	-3.21	-2.74	-2.27	-1.8	-1.33	-0.86	-0.39	0	0	0	0	0	0	0	0	0	0	0	0	0	0	0	0	0	0	0	0	0	0	0	0	0	0	0	0	0	0	0	0	0	0	0	0	0	0	0	0	0	0	0	0	0
0	0	0	0	0	-9.09	-9.04	-9	-8.96	-8.91	-8.87	-8.83	-8.78	-8.74	-8.7	-8.65	-8.61	-8.57	-8.52	-8.48	-8.43	-8.39	-8.35	-8.3	-8.26	-8.22	-8.17	-8.13	-8.09	-8.04	-8	-7.96	-7.91	-7.87	-7.83	-7.78	-7.74	-7.7	-7.65	-7.61	-7.55	-7.49	-7.43	-7.37	-7.31	-7.25	-7.19	-7.12	-7.06	-7	-6.94	-6.88	-6.82	-6.76	-6.7	-6.64	-6.58	-6.52	-6.46	-6.4	-6.34	-6.28	-6.22	-6.26	-6.3	-6.35	-6.39	-6.43	-6.48	-6.52	-6.57	-6.61	-6.65	-6.7	-6.74	-6.78	-6.83	-6.87	-6.91	-6.96	-7	-7.04	-7.09	-7.13	-7.17	-7.22	-7.25	-7.29	-7.32	-7.35	-7.39	-7.42	-7.46	-7.49	-7.52	-7.56	-7.59	-7.63	-7.66	-7.69	-7.73	-7.76	-7.8	-7.83	-7.86	-7.9	-7.93	-7.97	-8	-8.09	-8.17	-8.26	-8.34	-8.43	-8.51	-8.6	-8.68	-8.77	-8.85	-8.94	-9.02	-9.11	-9.19	-9.28	-9.36	-9.45	-9.53	-9.62	-9.7	-9.79	-9.87	-9.96	-9.9	-9.84	-9.78	-9.71	-9.65	-9.59	-9.53	-9.47	-9.41	-9.35	-9.29	-9.23	-9.17	-9.11	-9.05	-8.99	-8.93	-8.87	-8.81	-8.75	-8.69	-8.63	-8.57	-8.07	-7.58	-7.09	-6.6	-6.11	-5.62	-5.12	-4.63	-4.14	-3.65	-3.16	-2.67	-2.18	-1.68	-1.19	-0.7	-0.21	0	0	0	0	0	0	0	0	0	0	0	0	0	0	0	0	0	0	0	0	0	0	0	0	0	0	0	0	0	0	0	0	0	0	0	0	0	0	0	0	0	0	0	0	0
0	0	0	0	0	-9.04	-9	-8.96	-8.91	-8.87	-8.83	-8.78	-8.74	-8.7	-8.65	-8.61	-8.57	-8.52	-8.48	-8.43	-8.39	-8.35	-8.3	-8.26	-8.22	-8.17	-8.13	-8.09	-8.04	-8	-7.96	-7.91	-7.87	-7.83	-7.78	-7.74	-7.7	-7.65	-7.61	-7.57	-7.5	-7.44	-7.38	-7.32	-7.25	-7.19	-7.13	-7.07	-7	-6.94	-6.88	-6.82	-6.75	-6.69	-6.63	-6.57	-6.5	-6.44	-6.38	-6.32	-6.26	-6.19	-6.13	-6.17	-6.22	-6.26	-6.3	-6.35	-6.39	-6.43	-6.48	-6.52	-6.57	-6.61	-6.65	-6.7	-6.74	-6.78	-6.83	-6.87	-6.91	-6.96	-7	-7.04	-7.09	-7.13	-7.17	-7.21	-7.24	-7.28	-7.32	-7.36	-7.4	-7.43	-7.47	-7.51	-7.55	-7.58	-7.62	-7.66	-7.7	-7.74	-7.77	-7.81	-7.85	-7.89	-7.92	-7.96	-8	-8.09	-8.19	-8.28	-8.38	-8.47	-8.57	-8.66	-8.76	-8.85	-8.95	-9.04	-9.13	-9.23	-9.32	-9.42	-9.51	-9.61	-9.7	-9.8	-9.89	-9.98	-10.08	-10.17	-10.11	-10.05	-9.99	-9.92	-9.86	-9.8	-9.74	-9.67	-9.61	-9.55	-9.49	-9.43	-9.36	-9.3	-9.24	-9.18	-9.11	-9.05	-8.99	-8.93	-8.86	-8.8	-8.74	-8.23	-7.71	-7.2	-6.69	-6.18	-5.67	-5.15	-4.64	-4.13	-3.62	-3.1	-2.59	-2.08	-1.57	-1.05	-0.54	-0.03	0	0	0	0	0	0	0	0	0	0	0	0	0	0	0	0	0	0	0	0	0	0	0	0	0	0	0	0	0	0	0	0	0	0	0	0	0	0	0	0	0	0	0	0	0
0	0	0	0	0	-9	-8.96	-8.91	-8.87	-8.83	-8.78	-8.74	-8.7	-8.65	-8.61	-8.57	-8.52	-8.48	-8.43	-8.39	-8.35	-8.3	-8.26	-8.22	-8.17	-8.13	-8.09	-8.04	-8	-7.96	-7.91	-7.87	-7.83	-7.78	-7.74	-7.7	-7.65	-7.61	-7.57	-7.52	-7.46	-7.39	-7.33	-7.26	-7.2	-7.14	-7.07	-7.01	-6.94	-6.88	-6.81	-6.75	-6.69	-6.62	-6.56	-6.49	-6.43	-6.36	-6.3	-6.24	-6.17	-6.11	-6.04	-6.09	-6.13	-6.17	-6.22	-6.26	-6.3	-6.35	-6.39	-6.43	-6.48	-6.52	-6.57	-6.61	-6.65	-6.7	-6.74	-6.78	-6.83	-6.87	-6.91	-6.96	-7	-7.04	-7.09	-7.13	-7.17	-7.21	-7.25	-7.29	-7.33	-7.38	-7.42	-7.46	-7.5	-7.54	-7.58	-7.63	-7.67	-7.71	-7.75	-7.79	-7.83	-7.88	-7.92	-7.96	-8	-8.1	-8.21	-8.31	-8.42	-8.52	-8.62	-8.73	-8.83	-8.94	-9.04	-9.14	-9.25	-9.35	-9.46	-9.56	-9.66	-9.77	-9.87	-9.98	-10.08	-10.18	-10.29	-10.39	-10.33	-10.26	-10.2	-10.13	-10.07	-10.01	-9.94	-9.88	-9.81	-9.75	-9.68	-9.62	-9.56	-9.49	-9.43	-9.36	-9.3	-9.23	-9.17	-9.11	-9.04	-8.98	-8.91	-8.38	-7.85	-7.31	-6.78	-6.25	-5.71	-5.18	-4.65	-4.12	-3.58	-3.05	-2.52	-1.98	-1.45	-0.92	-0.38	0	0	0	0	0	0	0	0	0	0	0	0	0	0	0	0	0	0	0	0	0	0	0	0	0	0	0	0	0	0	0	0	0	0	0	0	0	0	0	0	0	0	0	0	0	0
0	0	0	0	0	-8.96	-8.91	-8.87	-8.83	-8.78	-8.74	-8.7	-8.65	-8.61	-8.57	-8.52	-8.48	-8.43	-8.39	-8.35	-8.3	-8.26	-8.22	-8.17	-8.13	-8.09	-8.04	-8	-7.96	-7.91	-7.87	-7.83	-7.78	-7.74	-7.7	-7.65	-7.61	-7.57	-7.52	-7.48	-7.41	-7.35	-7.28	-7.21	-7.15	-7.08	-7.02	-6.95	-6.88	-6.82	-6.75	-6.68	-6.62	-6.55	-6.49	-6.42	-6.35	-6.29	-6.22	-6.16	-6.09	-6.02	-5.96	-6	-6.04	-6.09	-6.13	-6.17	-6.22	-6.26	-6.3	-6.35	-6.39	-6.43	-6.48	-6.52	-6.57	-6.61	-6.65	-6.7	-6.74	-6.78	-6.83	-6.87	-6.91	-6.96	-7	-7.05	-7.09	-7.14	-7.18	-7.23	-7.27	-7.32	-7.36	-7.41	-7.46	-7.5	-7.55	-7.59	-7.64	-7.68	-7.73	-7.77	-7.82	-7.86	-7.91	-7.95	-8	-8.11	-8.23	-8.34	-8.45	-8.57	-8.68	-8.79	-8.91	-9.02	-9.13	-9.25	-9.36	-9.47	-9.59	-9.7	-9.81	-9.93	-10.04	-10.16	-10.27	-10.38	-10.5	-10.61	-10.54	-10.48	-10.41	-10.34	-10.28	-10.21	-10.15	-10.08	-10.01	-9.95	-9.88	-9.81	-9.75	-9.68	-9.62	-9.55	-9.48	-9.42	-9.35	-9.29	-9.22	-9.15	-9.09	-8.53	-7.98	-7.43	-6.87	-6.32	-5.76	-5.21	-4.66	-4.1	-3.55	-2.99	-2.44	-1.89	-1.33	-0.78	-0.22	0	0	0	0	0	0	0	0	0	0	0	0	0	0	0	0	0	0	0	0	0	0	0	0	0	0	0	0	0	0	0	0	0	0	0	0	0	0	0	0	0	0	0	0	0	0
0	0	0	0	0	-8.91	-8.87	-8.83	-8.78	-8.74	-8.7	-8.65	-8.61	-8.57	-8.52	-8.48	-8.43	-8.39	-8.35	-8.3	-8.26	-8.22	-8.17	-8.13	-8.09	-8.04	-8	-7.96	-7.91	-7.87	-7.83	-7.78	-7.74	-7.7	-7.65	-7.61	-7.57	-7.52	-7.48	-7.43	-7.37	-7.3	-7.23	-7.16	-7.09	-7.03	-6.96	-6.89	-6.82	-6.75	-6.69	-6.62	-6.55	-6.48	-6.41	-6.35	-6.28	-6.21	-6.14	-6.07	-6.01	-5.94	-5.87	-5.91	-5.96	-6	-6.04	-6.09	-6.13	-6.17	-6.22	-6.26	-6.3	-6.35	-6.39	-6.43	-6.48	-6.52	-6.57	-6.61	-6.65	-6.7	-6.74	-6.78	-6.83	-6.87	-6.92	-6.97	-7.02	-7.07	-7.12	-7.16	-7.21	-7.26	-7.31	-7.36	-7.41	-7.46	-7.51	-7.56	-7.61	-7.66	-7.71	-7.75	-7.8	-7.85	-7.9	-7.95	-8	-8.12	-8.25	-8.37	-8.49	-8.61	-8.74	-8.86	-8.98	-9.11	-9.23	-9.35	-9.47	-9.6	-9.72	-9.84	-9.97	-10.09	-10.21	-10.33	-10.46	-10.58	-10.7	-10.83	-10.76	-10.69	-10.62	-10.55	-10.49	-10.42	-10.35	-10.28	-10.21	-10.15	-10.08	-10.01	-9.94	-9.87	-9.81	-9.74	-9.67	-9.6	-9.53	-9.47	-9.4	-9.33	-9.26	-8.69	-8.11	-7.54	-6.96	-6.39	-5.81	-5.24	-4.66	-4.09	-3.51	-2.94	-2.36	-1.79	-1.22	-0.64	-0.07	0	0	0	0	0	0	0	0	0	0	0	0	0	0	0	0	0	0	0	0	0	0	0	0	0	0	0	0	0	0	0	0	0	0	0	0	0	0	0	0	0	0	0	0	0	0
0	0	0	0	0	-8.87	-8.83	-8.78	-8.74	-8.7	-8.65	-8.61	-8.57	-8.52	-8.48	-8.43	-8.39	-8.35	-8.3	-8.26	-8.22	-8.17	-8.13	-8.09	-8.04	-8	-7.96	-7.91	-7.87	-7.83	-7.78	-7.74	-7.7	-7.65	-7.61	-7.57	-7.52	-7.48	-7.43	-7.39	-7.32	-7.25	-7.18	-7.11	-7.04	-6.97	-6.9	-6.83	-6.76	-6.69	-6.62	-6.55	-6.48	-6.41	-6.34	-6.27	-6.2	-6.13	-6.06	-5.99	-5.92	-5.85	-5.78	-5.83	-5.87	-5.91	-5.96	-6	-6.04	-6.09	-6.13	-6.17	-6.22	-6.26	-6.3	-6.35	-6.39	-6.43	-6.48	-6.52	-6.57	-6.61	-6.65	-6.7	-6.74	-6.78	-6.84	-6.89	-6.94	-6.99	-7.05	-7.1	-7.15	-7.21	-7.26	-7.31	-7.36	-7.42	-7.47	-7.52	-7.58	-7.63	-7.68	-7.74	-7.79	-7.84	-7.89	-7.95	-8	-8.13	-8.26	-8.4	-8.53	-8.66	-8.79	-8.93	-9.06	-9.19	-9.32	-9.46	-9.59	-9.72	-9.85	-9.98	-10.12	-10.25	-10.38	-10.51	-10.65	-10.78	-10.91	-11.04	-10.97	-10.9	-10.83	-10.76	-10.69	-10.62	-10.55	-10.48	-10.41	-10.34	-10.27	-10.2	-10.13	-10.06	-9.99	-9.92	-9.85	-9.78	-9.71	-9.64	-9.57	-9.5	-9.43	-8.84	-8.24	-7.65	-7.05	-6.46	-5.86	-5.27	-4.67	-4.08	-3.48	-2.88	-2.29	-1.69	-1.1	-0.5	0	0	0	0	0	0	0	0	0	0	0	0	0	0	0	0	0	0	0	0	0	0	0	0	0	0	0	0	0	0	0	0	0	0	0	0	0	0	0	0	0	0	0	0	0	0	0
0	0	0	0	0	-8.83	-8.78	-8.74	-8.7	-8.65	-8.61	-8.57	-8.52	-8.48	-8.43	-8.39	-8.35	-8.3	-8.26	-8.22	-8.17	-8.13	-8.09	-8.04	-8	-7.96	-7.91	-7.87	-7.83	-7.78	-7.74	-7.7	-7.65	-7.61	-7.57	-7.52	-7.48	-7.43	-7.39	-7.35	-7.28	-7.2	-7.13	-7.06	-6.99	-6.92	-6.84	-6.77	-6.7	-6.63	-6.56	-6.49	-6.41	-6.34	-6.27	-6.2	-6.13	-6.05	-5.98	-5.91	-5.84	-5.77	-5.7	-5.74	-5.78	-5.83	-5.87	-5.91	-5.96	-6	-6.04	-6.09	-6.13	-6.17	-6.22	-6.26	-6.3	-6.35	-6.39	-6.43	-6.48	-6.52	-6.57	-6.61	-6.65	-6.7	-6.75	-6.81	-6.87	-6.92	-6.98	-7.04	-7.09	-7.15	-7.21	-7.26	-7.32	-7.38	-7.43	-7.49	-7.55	-7.6	-7.66	-7.72	-7.77	-7.83	-7.89	-7.94	-8	-8.14	-8.28	-8.43	-8.57	-8.71	-8.85	-8.99	-9.13	-9.28	-9.42	-9.56	-9.7	-9.84	-9.98	-10.13	-10.27	-10.41	-10.55	-10.69	-10.84	-10.98	-11.12	-11.26	-11.19	-11.12	-11.05	-10.97	-10.9	-10.83	-10.76	-10.69	-10.61	-10.54	-10.47	-10.4	-10.33	-10.26	-10.18	-10.11	-10.04	-9.97	-9.9	-9.82	-9.75	-9.68	-9.61	-8.99	-8.38	-7.76	-7.14	-6.53	-5.91	-5.29	-4.68	-4.06	-3.45	-2.83	-2.21	-1.6	-0.98	-0.36	0	0	0	0	0	0	0	0	0	0	0	0	0	0	0	0	0	0	0	0	0	0	0	0	0	0	0	0	0	0	0	0	0	0	0	0	0	0	0	0	0	0	0	0	0	0	0
0	0	0	0	0	-8.78	-8.74	-8.7	-8.65	-8.61	-8.57	-8.52	-8.48	-8.43	-8.39	-8.35	-8.3	-8.26	-8.22	-8.17	-8.13	-8.09	-8.04	-8	-7.96	-7.91	-7.87	-7.83	-7.78	-7.74	-7.7	-7.65	-7.61	-7.57	-7.52	-7.48	-7.43	-7.39	-7.35	-7.3	-7.23	-7.16	-7.08	-7.01	-6.94	-6.86	-6.79	-6.71	-6.64	-6.57	-6.49	-6.42	-6.35	-6.27	-6.2	-6.12	-6.05	-5.98	-5.9	-5.83	-5.76	-5.68	-5.61	-5.65	-5.7	-5.74	-5.78	-5.83	-5.87	-5.91	-5.96	-6	-6.04	-6.09	-6.13	-6.17	-6.22	-6.26	-6.3	-6.35	-6.39	-6.43	-6.48	-6.52	-6.57	-6.61	-6.67	-6.73	-6.79	-6.85	-6.91	-6.97	-7.03	-7.09	-7.15	-7.21	-7.27	-7.33	-7.4	-7.46	-7.52	-7.58	-7.64	-7.7	-7.76	-7.82	-7.88	-7.94	-8	-8.15	-8.3	-8.45	-8.6	-8.76	-8.91	-9.06	-9.21	-9.36	-9.51	-9.66	-9.81	-9.97	-10.12	-10.27	-10.42	-10.57	-10.72	-10.87	-11.02	-11.18	-11.33	-11.48	-11.4	-11.33	-11.26	-11.18	-11.11	-11.04	-10.96	-10.89	-10.81	-10.74	-10.67	-10.59	-10.52	-10.45	-10.37	-10.3	-10.22	-10.15	-10.08	-10	-9.93	-9.86	-9.78	-9.15	-8.51	-7.87	-7.23	-6.6	-5.96	-5.32	-4.69	-4.05	-3.41	-2.78	-2.14	-1.5	-0.86	-0.23	0	0	0	0	0	0	0	0	0	0	0	0	0	0	0	0	0	0	0	0	0	0	0	0	0	0	0	0	0	0	0	0	0	0	0	0	0	0	0	0	0	0	0	0	0	0	0
0	0	0	0	0	-8.74	-8.7	-8.65	-8.61	-8.57	-8.52	-8.48	-8.43	-8.39	-8.35	-8.3	-8.26	-8.22	-8.17	-8.13	-8.09	-8.04	-8	-7.96	-7.91	-7.87	-7.83	-7.78	-7.74	-7.7	-7.65	-7.61	-7.57	-7.52	-7.48	-7.43	-7.39	-7.35	-7.3	-7.26	-7.19	-7.11	-7.03	-6.96	-6.88	-6.81	-6.73	-6.66	-6.58	-6.5	-6.43	-6.35	-6.28	-6.2	-6.13	-6.05	-5.98	-5.9	-5.82	-5.75	-5.67	-5.6	-5.52	-5.57	-5.61	-5.65	-5.7	-5.74	-5.78	-5.83	-5.87	-5.91	-5.96	-6	-6.04	-6.09	-6.13	-6.17	-6.22	-6.26	-6.3	-6.35	-6.39	-6.43	-6.48	-6.52	-6.59	-6.65	-6.71	-6.78	-6.84	-6.91	-6.97	-7.04	-7.1	-7.16	-7.23	-7.29	-7.36	-7.42	-7.49	-7.55	-7.61	-7.68	-7.74	-7.81	-7.87	-7.94	-8	-8.16	-8.32	-8.48	-8.64	-8.8	-8.96	-9.12	-9.29	-9.45	-9.61	-9.77	-9.93	-10.09	-10.25	-10.41	-10.57	-10.73	-10.89	-11.05	-11.21	-11.37	-11.53	-11.7	-11.62	-11.54	-11.47	-11.39	-11.32	-11.24	-11.17	-11.09	-11.02	-10.94	-10.86	-10.79	-10.71	-10.64	-10.56	-10.49	-10.41	-10.33	-10.26	-10.18	-10.11	-10.03	-9.96	-9.3	-8.64	-7.98	-7.33	-6.67	-6.01	-5.35	-4.69	-4.04	-3.38	-2.72	-2.06	-1.4	-0.75	-0.09	0	0	0	0	0	0	0	0	0	0	0	0	0	0	0	0	0	0	0	0	0	0	0	0	0	0	0	0	0	0	0	0	0	0	0	0	0	0	0	0	0	0	0	0	0	0	0
0	0	0	0	0	-8.7	-8.65	-8.61	-8.57	-8.52	-8.48	-8.43	-8.39	-8.35	-8.3	-8.26	-8.22	-8.17	-8.13	-8.09	-8.04	-8	-7.96	-7.91	-7.87	-7.83	-7.78	-7.74	-7.7	-7.65	-7.61	-7.57	-7.52	-7.48	-7.43	-7.39	-7.35	-7.3	-7.26	-7.22	-7.14	-7.06	-6.98	-6.91	-6.83	-6.75	-6.67	-6.6	-6.52	-6.44	-6.36	-6.29	-6.21	-6.13	-6.05	-5.98	-5.9	-5.82	-5.74	-5.67	-5.59	-5.51	-5.43	-5.48	-5.52	-5.57	-5.61	-5.65	-5.7	-5.74	-5.78	-5.83	-5.87	-5.91	-5.96	-6	-6.04	-6.09	-6.13	-6.17	-6.22	-6.26	-6.3	-6.35	-6.39	-6.43	-6.5	-6.57	-6.64	-6.71	-6.78	-6.84	-6.91	-6.98	-7.05	-7.12	-7.18	-7.25	-7.32	-7.39	-7.46	-7.52	-7.59	-7.66	-7.73	-7.8	-7.86	-7.93	-8	-8.17	-8.34	-8.51	-8.68	-8.85	-9.02	-9.19	-9.36	-9.53	-9.7	-9.87	-10.04	-10.21	-10.38	-10.55	-10.72	-10.89	-11.06	-11.23	-11.4	-11.57	-11.74	-11.91	-11.84	-11.76	-11.68	-11.6	-11.53	-11.45	-11.37	-11.29	-11.22	-11.14	-11.06	-10.98	-10.91	-10.83	-10.75	-10.67	-10.6	-10.52	-10.44	-10.36	-10.29	-10.21	-10.13	-9.45	-8.77	-8.09	-7.42	-6.74	-6.06	-5.38	-4.7	-4.02	-3.34	-2.67	-1.99	-1.31	-0.63	0	0	0	0	0	0	0	0	0	0	0	0	0	0	0	0	0	0	0	0	0	0	0	0	0	0	0	0	0	0	0	0	0	0	0	0	0	0	0	0	0	0	0	0	0	0	0	0
0	0	0	0	0	-8.65	-8.61	-8.57	-8.52	-8.48	-8.43	-8.39	-8.35	-8.3	-8.26	-8.22	-8.17	-8.13	-8.09	-8.04	-8	-7.96	-7.91	-7.87	-7.83	-7.78	-7.74	-7.7	-7.65	-7.61	-7.57	-7.52	-7.48	-7.43	-7.39	-7.35	-7.3	-7.26	-7.22	-7.17	-7.09	-7.02	-6.94	-6.86	-6.78	-6.7	-6.62	-6.54	-6.46	-6.38	-6.3	-6.22	-6.14	-6.06	-5.98	-5.9	-5.82	-5.74	-5.67	-5.59	-5.51	-5.43	-5.35	-5.39	-5.43	-5.48	-5.52	-5.57	-5.61	-5.65	-5.7	-5.74	-5.78	-5.83	-5.87	-5.91	-5.96	-6	-6.04	-6.09	-6.13	-6.17	-6.22	-6.26	-6.3	-6.35	-6.42	-6.49	-6.56	-6.64	-6.71	-6.78	-6.85	-6.92	-6.99	-7.07	-7.14	-7.21	-7.28	-7.35	-7.43	-7.5	-7.57	-7.64	-7.71	-7.78	-7.86	-7.93	-8	-8.18	-8.36	-8.54	-8.72	-8.9	-9.08	-9.26	-9.44	-9.62	-9.8	-9.98	-10.16	-10.33	-10.51	-10.69	-10.87	-11.05	-11.23	-11.41	-11.59	-11.77	-11.95	-12.13	-12.05	-11.97	-11.89	-11.81	-11.73	-11.65	-11.57	-11.5	-11.42	-11.34	-11.26	-11.18	-11.1	-11.02	-10.94	-10.86	-10.78	-10.7	-10.62	-10.54	-10.46	-10.38	-10.3	-9.6	-8.91	-8.21	-7.51	-6.81	-6.11	-5.41	-4.71	-4.01	-3.31	-2.61	-1.91	-1.21	-0.51	0	0	0	0	0	0	0	0	0	0	0	0	0	0	0	0	0	0	0	0	0	0	0	0	0	0	0	0	0	0	0	0	0	0	0	0	0	0	0	0	0	0	0	0	0	0	0	0
0	0	0	0	0	-8.61	-8.57	-8.52	-8.48	-8.43	-8.39	-8.35	-8.3	-8.26	-8.22	-8.17	-8.13	-8.09	-8.04	-8	-7.96	-7.91	-7.87	-7.83	-7.78	-7.74	-7.7	-7.65	-7.61	-7.57	-7.52	-7.48	-7.43	-7.39	-7.35	-7.3	-7.26	-7.22	-7.17	-7.13	-7.05	-6.97	-6.89	-6.81	-6.72	-6.64	-6.56	-6.48	-6.4	-6.32	-6.24	-6.16	-6.07	-5.99	-5.91	-5.83	-5.75	-5.67	-5.59	-5.5	-5.42	-5.34	-5.26	-5.3	-5.35	-5.39	-5.43	-5.48	-5.52	-5.57	-5.61	-5.65	-5.7	-5.74	-5.78	-5.83	-5.87	-5.91	-5.96	-6	-6.04	-6.09	-6.13	-6.17	-6.22	-6.26	-6.34	-6.41	-6.49	-6.56	-6.64	-6.71	-6.79	-6.87	-6.94	-7.02	-7.09	-7.17	-7.24	-7.32	-7.4	-7.47	-7.55	-7.62	-7.7	-7.77	-7.85	-7.92	-8	-8.19	-8.38	-8.57	-8.76	-8.95	-9.13	-9.32	-9.51	-9.7	-9.89	-10.08	-10.27	-10.46	-10.65	-10.84	-11.02	-11.21	-11.4	-11.59	-11.78	-11.97	-12.16	-12.35	-12.27	-12.19	-12.1	-12.02	-11.94	-11.86	-11.78	-11.7	-11.62	-11.53	-11.45	-11.37	-11.29	-11.21	-11.13	-11.05	-10.97	-10.88	-10.8	-10.72	-10.64	-10.56	-10.48	-9.76	-9.04	-8.32	-7.6	-6.88	-6.16	-5.44	-4.72	-4	-3.28	-2.56	-1.84	-1.12	-0.4	0	0	0	0	0	0	0	0	0	0	0	0	0	0	0	0	0	0	0	0	0	0	0	0	0	0	0	0	0	0	0	0	0	0	0	0	0	0	0	0	0	0	0	0	0	0	0	0
0	0	0	0	0	-8.57	-8.52	-8.48	-8.43	-8.39	-8.35	-8.3	-8.26	-8.22	-8.17	-8.13	-8.09	-8.04	-8	-7.96	-7.91	-7.87	-7.83	-7.78	-7.74	-7.7	-7.65	-7.61	-7.57	-7.52	-7.48	-7.43	-7.39	-7.35	-7.3	-7.26	-7.22	-7.17	-7.13	-7.09	-7	-6.92	-6.84	-6.75	-6.67	-6.59	-6.5	-6.42	-6.34	-6.26	-6.17	-6.09	-6.01	-5.92	-5.84	-5.76	-5.67	-5.59	-5.51	-5.42	-5.34	-5.26	-5.17	-5.22	-5.26	-5.3	-5.35	-5.39	-5.43	-5.48	-5.52	-5.57	-5.61	-5.65	-5.7	-5.74	-5.78	-5.83	-5.87	-5.91	-5.96	-6	-6.04	-6.09	-6.13	-6.17	-6.25	-6.33	-6.41	-6.49	-6.57	-6.65	-6.73	-6.81	-6.89	-6.97	-7.05	-7.13	-7.21	-7.29	-7.36	-7.44	-7.52	-7.6	-7.68	-7.76	-7.84	-7.92	-8	-8.2	-8.4	-8.6	-8.79	-8.99	-9.19	-9.39	-9.59	-9.79	-9.98	-10.18	-10.38	-10.58	-10.78	-10.98	-11.18	-11.37	-11.57	-11.77	-11.97	-12.17	-12.37	-12.57	-12.48	-12.4	-12.32	-12.23	-12.15	-12.07	-11.98	-11.9	-11.82	-11.73	-11.65	-11.57	-11.48	-11.4	-11.32	-11.23	-11.15	-11.07	-10.98	-10.9	-10.82	-10.74	-10.65	-9.91	-9.17	-8.43	-7.69	-6.95	-6.21	-5.47	-4.72	-3.98	-3.24	-2.5	-1.76	-1.02	-0.28	0	0	0	0	0	0	0	0	0	0	0	0	0	0	0	0	0	0	0	0	0	0	0	0	0	0	0	0	0	0	0	0	0	0	0	0	0	0	0	0	0	0	0	0	0	0	0	0
