0	0	0	0	0	0	0	0	0	0	0	0	0	0	0	0	0	0	0	0	0	0	0	0	0	0	0	0	0	0	0	0	0	0	0	0	0	0	0	0	0	0	0	0	0	0	0	0	0	0	0	0	0	0	0	0	0	0	0	0	0	0	0	0	0	0	0	0	0	0	0	0	0	0	0	0	0	0	0	0	0	0	0	0	0	0	0	0	0	0	0	0	0	0	0	0	0	0	0	0	0	0	0	0	0	0	0	0	0	0	0	0	0	0	0	0	0	0	0	0	0	0	0	0	0	0	0	0	0	0	0	0	0	0	0	0	0	0	0	0	0	0	0	0	0	0	0	0	0	0	0	0	0	0	0	0	0	0	0	0	0	0	0	0	0	0	0	0	0	0	0	0	0	0	0	0	0	0	0	0	0	0	0	0	0	0	0	0	0	0	0	0	0	0	0	0	0	0	0	0	0	0	0	0	0	0	0	0	0	0	0	0	0	0	0	0	0
0	0	0	0	0	0	0	0	0	0	0	0	0	0	0	0	0	0	0	0	0	0	0	0	0	0	0	0	0	0	0	0	0	0	0	0	0	0	0	0	0	0	0	0	0	0	0	0	0	0	0	0	0	0	0	0	0	0	0	0	0	0	0	0	0	0	0	0	0	0	0	0	0	0	0	0	0	0	0	0	0	0	0	0	0	0	0	0	0	0	0	0	0	0	0	0	0	0	0	0	0	0	0	0	0	0	0	0	0	0	0	0	0	0	0	0	0	0	0	0	0	0	0	0	0	0	0	0	0	0	0	0	0	0	0	0	0	0	0	0	0	0	0	0	0	0	0	0	0	0	0	0	0	0	0	0	0	0	0	0	0	0	0	0	0	0	0	0	0	0	0	0	0	0	0	0	0	0	0	0	0	0	0	0	0	0	0	0	0	0	0	0	0	0	0	0	0	0	0	0	0	0	0	0	0	0	0	0	0	0	0	0	0	0	0	0	0
0	0	0	0	0	0	0	0	0	0	0	0	0	0	0	0	0	0	0	0	0	0	0	0	0	0	0	0	0	0	0	0	0	0	0	0	0	0	0	0	0	0	0	0	0	0	0	0	0	0	0	0	0	0	0	0	0	0	0	0	0	0	0	0	0	0	0	0	0	0	0	0	0	0	0	0	0	0	0	0	0	0	0	0	0	0	0	0	0	0	0	0	0	0	0	0	0	0	0	0	0	0	0	0	0	0	0	0	0	0	0	0	0	0	0	0	0	0	0	0	0	0	0	0	0	0	0	0	0	0	0	0	0	0	0	0	0	0	0	0	0	0	0	0	0	0	0	0	0	0	0	0	0	0	0	0	0	0	0	0	0	0	0	0	0	0	0	0	0	0	0	0	0	0	0	0	0	0	0	0	0	0	0	0	0	0	0	0	0	0	0	0	0	0	0	0	0	0	0	0	0	0	0	0	0	0	0	0	0	0	0	0	0	0	0	0	0
0	0	0	0	0	0	0	0	0	0	0	0	0	0	0	0	0	0	0	0	0	0	0	0	0	0	0	0	0	0	0	0	0	0	0	0	0	0	0	0	0	0	0	0	0	0	0	0	0	0	0	0	0	0	0	0	0	0	0	0	0	0	0	0	0	0	0	0	0	0	0	0	0	0	0	0	0	0	0	0	0	0	0	0	0	0	0	0	0	0	0	0	0	0	0	0	0	0	0	0	0	0	0	0	0	0	0	0	0	0	0	0	0	0	0	0	0	0	0	0	0	0	0	0	0	0	0	0	0	0	0	0	0	0	0	0	0	0	0	0	0	0	0	0	0	0	0	0	0	0	0	0	0	0	0	0	0	0	0	0	0	0	0	0	0	0	0	0	0	0	0	0	0	0	0	0	0	0	0	0	0	0	0	0	0	0	0	0	0	0	0	0	0	0	0	0	0	0	0	0	0	0	0	0	0	0	0	0	0	0	0	0	0	0	0	0	0
0	0	0	0	0	0	0	0	0	0	0	0	0	0	0	0	0	0	0	0	0	0	0	0	0	0	0	0	0	0	0	0	0	0	0	0	0	0	0	0	0	0	0	0	0	0	0	0	0	0	0	0	0	0	0	0	0	0	0	0	0	0	0	0	0	0	0	0	0	0	0	0	0	0	0	0	0	0	0	0	0	0	0	0	0	0	0	0	0	0	0	0	0	0	0	0	0	0	0	0	0	0	0	0	0	0	0	0	0	0	0	0	0	0	0	0	0	0	0	0	0	0	0	0	0	0	0	0	0	0	0	0	0	0	0	0	0	0	0	0	0	0	0	0	0	0	0	0	0	0	0	0	0	0	0	0	0	0	0	0	0	0	0	0	0	0	0	0	0	0	0	0	0	0	0	0	0	0	0	0	0	0	0	0	0	0	0	0	0	0	0	0	0	0	0	0	0	0	0	0	0	0	0	0	0	0	0	0	0	0	0	0	0	0	0	0	0
0	0	0	0	0	0	0	0	0	0	0	0	0	0	0	0	0	0	0	0	0	0	0	0	0	0	-0.09	-0.39	-0.69	-0.99	-1.29	-1.6	-1.9	-2.2	-2.5	-2.8	-3.1	-3.4	-3.7	-4	-4	-4	-4	-4	-4	-4	-4	-4	-4	-4	-4	-4	-4	-4	-4	-4	-4	-4	-4	-4	-4	-4	-4	-3.98	-3.96	-3.94	-3.92	-3.9	-3.88	-3.85	-3.83	-3.81	-3.79	-3.77	-3.75	-3.73	-3.71	-3.69	-3.67	-3.65	-3.63	-3.6	-3.58	-3.56	-3.54	-3.52	-3.39	-3.26	-3.13	-3	-2.87	-2.74	-2.61	-2.48	-2.35	-2.22	-2.09	-1.96	-1.83	-1.7	-1.57	-1.43	-1.3	-1.17	-1.04	-0.91	-0.78	-0.65	-0.52	-0.52	-0.52	-0.52	-0.52	-0.52	-0.52	-0.52	-0.52	-0.52	-0.52	-0.52	-0.52	-0.52	-0.52	-0.52	-0.52	-0.52	-0.52	-0.52	-0.52	-0.52	-0.52	-0.52	0	0	0	0	0	0	0	0	0	0	0	0	0	0	0	0	0	0	0	0	0	0	0	-1.13	-1.21	-1.29	-1.38	-1.46	-1.54	-1.63	-1.71	-1.79	-1.88	-1.96	-2.04	-2.12	-2.21	-2.29	-2.37	-2.46	-2.54	-2.62	-2.71	-2.79	-2.87	-2.96	0	0	0	0	0	0	0	0	0	0	0	0	0	0	0	0	0	0	0	0	0	0	0	0	0	0	0	0	0	0	0	0	0	0	0	0	0	0	0
0	0	0	0	0	0	0	0	0	0	0	0	0	0	0	0	0	0	0	0	0	0	0	0	0	0	-0.19	-0.48	-0.78	-1.07	-1.36	-1.66	-1.95	-2.24	-2.53	-2.83	-3.12	-3.41	-3.71	-4	-4	-4	-4	-4	-4	-4	-4	-4	-4	-4	-4	-4	-4	-4	-4	-4	-4	-4	-4	-4	-4	-4	-4	-3.98	-3.96	-3.94	-3.92	-3.91	-3.89	-3.87	-3.85	-3.83	-3.81	-3.79	-3.77	-3.75	-3.74	-3.72	-3.7	-3.68	-3.66	-3.64	-3.62	-3.6	-3.58	-3.57	-3.43	-3.3	-3.17	-3.04	-2.91	-2.78	-2.65	-2.52	-2.39	-2.26	-2.13	-2	-1.87	-1.74	-1.61	-1.48	-1.35	-1.22	-1.09	-0.96	-0.83	-0.7	-0.57	-0.57	-0.57	-0.57	-0.57	-0.57	-0.57	-0.57	-0.57	-0.57	-0.57	-0.57	-0.57	-0.57	-0.57	-0.57	-0.57	-0.57	-0.57	-0.57	-0.57	-0.57	-0.57	-0.57	0	0	0	0	0	0	0	0	0	0	0	0	0	0	0	0	0	0	0	0	0	0	0	-1.21	-1.28	-1.36	-1.43	-1.51	-1.58	-1.66	-1.74	-1.81	-1.89	-1.96	-2.04	-2.11	-2.19	-2.26	-2.34	-2.42	-2.49	-2.57	-2.64	-2.72	-2.79	-2.87	0	0	0	0	0	0	0	0	0	0	0	0	0	0	0	0	0	0	0	0	0	0	0	0	0	0	0	0	0	0	0	0	0	0	0	0	0	0	0
0	0	0	0	0	0	0	0	0	0	0	0	0	0	0	0	0	0	0	0	0	0	0	0	0	0	-0.29	-0.57	-0.86	-1.15	-1.43	-1.72	-2	-2.29	-2.57	-2.86	-3.14	-3.43	-3.71	-4	-4	-4	-4	-4	-4	-4	-4	-4	-4	-4	-4	-4	-4	-4	-4	-4	-4	-4	-4	-4	-4	-4	-4	-3.98	-3.97	-3.95	-3.93	-3.91	-3.9	-3.88	-3.86	-3.85	-3.83	-3.81	-3.8	-3.78	-3.76	-3.74	-3.73	-3.71	-3.69	-3.68	-3.66	-3.64	-3.63	-3.61	-3.48	-3.35	-3.22	-3.09	-2.96	-2.83	-2.7	-2.57	-2.43	-2.3	-2.17	-2.04	-1.91	-1.78	-1.65	-1.52	-1.39	-1.26	-1.13	-1	-0.87	-0.74	-0.61	-0.61	-0.61	-0.61	-0.61	-0.61	-0.61	-0.61	-0.61	-0.61	-0.61	-0.61	-0.61	-0.61	-0.61	-0.61	-0.61	-0.61	-0.61	-0.61	-0.61	-0.61	-0.61	-0.61	0	0	0	0	0	0	0	0	0	0	0	0	0	0	0	0	0	0	0	0	0	0	0	-1.29	-1.35	-1.42	-1.49	-1.56	-1.63	-1.69	-1.76	-1.83	-1.9	-1.97	-2.03	-2.1	-2.17	-2.24	-2.31	-2.37	-2.44	-2.51	-2.58	-2.65	-2.71	-2.78	0	0	0	0	0	0	0	0	0	0	0	0	0	0	0	0	0	0	0	0	0	0	0	0	0	0	0	0	0	0	0	0	0	0	0	0	0	0	0
0	0	0	0	0	0	0	0	0	0	0	0	0	0	0	0	0	0	0	0	0	0	0	0	0	-0.11	-0.39	-0.67	-0.94	-1.22	-1.5	-1.78	-2.05	-2.33	-2.61	-2.89	-3.17	-3.44	-3.72	-4	-4	-4	-4	-4	-4	-4	-4	-4	-4	-4	-4	-4	-4	-4	-4	-4	-4	-4	-4	-4	-4	-4	-4	-3.98	-3.97	-3.95	-3.94	-3.92	-3.91	-3.89	-3.88	-3.86	-3.85	-3.83	-3.82	-3.8	-3.79	-3.77	-3.76	-3.74	-3.73	-3.71	-3.7	-3.68	-3.67	-3.65	-3.52	-3.39	-3.26	-3.13	-3	-2.87	-2.74	-2.61	-2.48	-2.35	-2.22	-2.09	-1.96	-1.83	-1.7	-1.57	-1.43	-1.3	-1.17	-1.04	-0.91	-0.78	-0.65	-0.65	-0.65	-0.65	-0.65	-0.65	-0.65	-0.65	-0.65	-0.65	-0.65	-0.65	-0.65	-0.65	-0.65	-0.65	-0.65	-0.65	-0.65	-0.65	-0.65	-0.65	-0.65	-0.65	0	0	0	0	0	0	0	0	0	0	0	0	0	0	0	0	0	0	0	0	0	0	0	-1.36	-1.43	-1.49	-1.55	-1.61	-1.67	-1.73	-1.79	-1.85	-1.91	-1.97	-2.03	-2.09	-2.15	-2.21	-2.27	-2.33	-2.39	-2.45	-2.51	-2.57	-2.64	-2.7	0	0	0	0	0	0	0	0	0	0	0	0	0	0	0	0	0	0	0	0	0	0	0	0	0	0	0	0	0	0	0	0	0	0	0	0	0	0	0
0	0	0	0	0	0	0	0	0	0	0	0	0	0	0	0	0	0	0	0	0	0	0	0	0	-0.22	-0.49	-0.76	-1.03	-1.3	-1.57	-1.84	-2.11	-2.38	-2.65	-2.92	-3.19	-3.46	-3.73	-4	-4	-4	-4	-4	-4	-4	-4	-4	-4	-4	-4	-4	-4	-4	-4	-4	-4	-4	-4	-4	-4	-4	-4	-3.99	-3.97	-3.96	-3.95	-3.93	-3.92	-3.91	-3.89	-3.88	-3.87	-3.85	-3.84	-3.83	-3.81	-3.8	-3.79	-3.78	-3.76	-3.75	-3.74	-3.72	-3.71	-3.7	-3.57	-3.43	-3.3	-3.17	-3.04	-2.91	-2.78	-2.65	-2.52	-2.39	-2.26	-2.13	-2	-1.87	-1.74	-1.61	-1.48	-1.35	-1.22	-1.09	-0.96	-0.83	-0.7	-0.7	-0.7	-0.7	-0.7	-0.7	-0.7	-0.7	-0.7	-0.7	-0.7	-0.7	-0.7	-0.7	-0.7	-0.7	-0.7	-0.7	-0.7	-0.7	-0.7	-0.7	-0.7	-0.7	0	0	0	0	0	0	0	0	0	0	0	0	0	0	0	0	0	0	0	0	0	0	0	-1.44	-1.5	-1.55	-1.6	-1.66	-1.71	-1.76	-1.81	-1.87	-1.92	-1.97	-2.03	-2.08	-2.13	-2.19	-2.24	-2.29	-2.34	-2.4	-2.45	-2.5	-2.56	-2.61	0	0	0	0	0	0	0	0	0	0	0	0	0	0	0	0	0	0	0	0	0	0	0	0	0	0	0	0	0	0	0	0	0	0	0	0	0	0	0
0	0	0	0	0	0	0	0	0	0	0	0	0	0	0	0	0	0	0	0	0	0	0	0	-0.06	-0.32	-0.58	-0.85	-1.11	-1.37	-1.64	-1.9	-2.16	-2.42	-2.69	-2.95	-3.21	-3.47	-3.74	-4	-4	-4	-4	-4	-4	-4	-4	-4	-4	-4	-4	-4	-4	-4	-4	-4	-4	-4	-4	-4	-4	-4	-4	-3.99	-3.98	-3.97	-3.95	-3.94	-3.93	-3.92	-3.91	-3.9	-3.89	-3.88	-3.86	-3.85	-3.84	-3.83	-3.82	-3.81	-3.8	-3.78	-3.77	-3.76	-3.75	-3.74	-3.61	-3.48	-3.35	-3.22	-3.09	-2.96	-2.83	-2.7	-2.57	-2.43	-2.3	-2.17	-2.04	-1.91	-1.78	-1.65	-1.52	-1.39	-1.26	-1.13	-1	-0.87	-0.74	-0.74	-0.74	-0.74	-0.74	-0.74	-0.74	-0.74	-0.74	-0.74	-0.74	-0.74	-0.74	-0.74	-0.74	-0.74	-0.74	-0.74	-0.74	-0.74	-0.74	-0.74	-0.74	-0.74	0	0	0	0	0	0	0	0	0	0	0	0	0	0	0	0	0	0	0	0	0	0	0	-1.52	-1.57	-1.61	-1.66	-1.71	-1.75	-1.8	-1.84	-1.89	-1.93	-1.98	-2.02	-2.07	-2.11	-2.16	-2.2	-2.25	-2.29	-2.34	-2.39	-2.43	-2.48	-2.52	0	0	0	0	0	0	0	0	0	0	0	0	0	0	0	0	0	0	0	0	0	0	0	0	0	0	0	0	0	0	0	0	0	0	0	0	0	0	0
0	0	0	0	0	0	0	0	0	0	0	0	0	0	0	0	0	0	0	0	0	0	0	0	-0.17	-0.43	-0.68	-0.94	-1.19	-1.45	-1.7	-1.96	-2.21	-2.47	-2.72	-2.98	-3.23	-3.49	-3.74	-4	-4	-4	-4	-4	-4	-4	-4	-4	-4	-4	-4	-4	-4	-4	-4	-4	-4	-4	-4	-4	-4	-4	-4	-3.99	-3.98	-3.97	-3.96	-3.95	-3.94	-3.93	-3.92	-3.91	-3.91	-3.9	-3.89	-3.88	-3.87	-3.86	-3.85	-3.84	-3.83	-3.82	-3.81	-3.8	-3.79	-3.78	-3.65	-3.52	-3.39	-3.26	-3.13	-3	-2.87	-2.74	-2.61	-2.48	-2.35	-2.22	-2.09	-1.96	-1.83	-1.7	-1.57	-1.43	-1.3	-1.17	-1.04	-0.91	-0.78	-0.78	-0.78	-0.78	-0.78	-0.78	-0.78	-0.78	-0.78	-0.78	-0.78	-0.78	-0.78	-0.78	-0.78	-0.78	-0.78	-0.78	-0.78	-0.78	-0.78	-0.78	-0.78	-0.78	0	0	0	0	0	0	0	0	0	0	0	0	0	0	0	0	0	0	0	0	0	0	0	-1.6	-1.64	-1.68	-1.72	-1.75	-1.79	-1.83	-1.87	-1.91	-1.94	-1.98	-2.02	-2.06	-2.09	-2.13	-2.17	-2.21	-2.25	-2.28	-2.32	-2.36	-2.4	-2.43	0	0	0	0	0	0	0	0	0	0	0	0	0	0	0	0	0	0	0	0	0	0	0	0	0	0	0	0	0	0	0	0	0	0	0	0	0	0	0
0	0	0	0	0	0	0	0	0	0	0	0	0	0	0	0	0	0	0	0	0	0	0	-0.04	-0.29	-0.53	-0.78	-1.03	-1.28	-1.52	-1.77	-2.02	-2.27	-2.51	-2.76	-3.01	-3.26	-3.5	-3.75	-4	-4	-4	-4	-4	-4	-4	-4	-4	-4	-4	-4	-4	-4	-4	-4	-4	-4	-4	-4	-4	-4	-4	-4	-3.99	-3.98	-3.98	-3.97	-3.96	-3.95	-3.95	-3.94	-3.93	-3.92	-3.92	-3.91	-3.9	-3.89	-3.89	-3.88	-3.87	-3.86	-3.86	-3.85	-3.84	-3.83	-3.83	-3.7	-3.57	-3.43	-3.3	-3.17	-3.04	-2.91	-2.78	-2.65	-2.52	-2.39	-2.26	-2.13	-2	-1.87	-1.74	-1.61	-1.48	-1.35	-1.22	-1.09	-0.96	-0.83	-0.83	-0.83	-0.83	-0.83	-0.83	-0.83	-0.83	-0.83	-0.83	-0.83	-0.83	-0.83	-0.83	-0.83	-0.83	-0.83	-0.83	-0.83	-0.83	-0.83	-0.83	-0.83	-0.83	0	0	0	0	0	0	0	0	0	0	0	0	0	0	0	0	0	0	0	0	0	0	0	-1.68	-1.71	-1.74	-1.77	-1.8	-1.83	-1.86	-1.89	-1.92	-1.95	-1.98	-2.02	-2.05	-2.08	-2.11	-2.14	-2.17	-2.2	-2.23	-2.26	-2.29	-2.32	-2.35	0	0	0	0	0	0	0	0	0	0	0	0	0	0	0	0	0	0	0	0	0	0	0	0	0	0	0	0	0	0	0	0	0	0	0	0	0	0	0
0	0	0	0	0	0	0	0	0	0	0	0	0	0	0	0	0	0	0	0	0	0	0	-0.16	-0.4	-0.64	-0.88	-1.12	-1.36	-1.6	-1.84	-2.08	-2.32	-2.56	-2.8	-3.04	-3.28	-3.52	-3.76	-4	-4	-4	-4	-4	-4	-4	-4	-4	-4	-4	-4	-4	-4	-4	-4	-4	-4	-4	-4	-4	-4	-4	-4	-3.99	-3.99	-3.98	-3.98	-3.97	-3.97	-3.96	-3.95	-3.95	-3.94	-3.94	-3.93	-3.93	-3.92	-3.91	-3.91	-3.9	-3.9	-3.89	-3.89	-3.88	-3.88	-3.87	-3.74	-3.61	-3.48	-3.35	-3.22	-3.09	-2.96	-2.83	-2.7	-2.57	-2.43	-2.3	-2.17	-2.04	-1.91	-1.78	-1.65	-1.52	-1.39	-1.26	-1.13	-1	-0.87	-0.87	-0.87	-0.87	-0.87	-0.87	-0.87	-0.87	-0.87	-0.87	-0.87	-0.87	-0.87	-0.87	-0.87	-0.87	-0.87	-0.87	-0.87	-0.87	-0.87	-0.87	-0.87	-0.87	0	0	0	0	0	0	0	0	0	0	0	0	0	0	0	0	0	0	0	0	0	0	0	-1.76	-1.78	-1.81	-1.83	-1.85	-1.88	-1.9	-1.92	-1.94	-1.97	-1.99	-2.01	-2.03	-2.06	-2.08	-2.1	-2.12	-2.15	-2.17	-2.19	-2.22	-2.24	-2.26	0	0	0	0	0	0	0	0	0	0	0	0	0	0	0	0	0	0	0	0	0	0	0	0	0	0	0	0	0	0	0	0	0	0	0	0	0	0	0
0	0	0	0	0	0	0	0	0	0	0	0	0	0	0	0	0	0	0	0	0	0	-0.05	-0.28	-0.51	-0.74	-0.98	-1.21	-1.44	-1.67	-1.91	-2.14	-2.37	-2.6	-2.84	-3.07	-3.3	-3.53	-3.77	-4	-4	-4	-4	-4	-4	-4	-4	-4	-4	-4	-4	-4	-4	-4	-4	-4	-4	-4	-4	-4	-4	-4	-4	-4	-3.99	-3.99	-3.98	-3.98	-3.98	-3.97	-3.97	-3.97	-3.96	-3.96	-3.95	-3.95	-3.95	-3.94	-3.94	-3.94	-3.93	-3.93	-3.92	-3.92	-3.92	-3.91	-3.78	-3.65	-3.52	-3.39	-3.26	-3.13	-3	-2.87	-2.74	-2.61	-2.48	-2.35	-2.22	-2.09	-1.96	-1.83	-1.7	-1.57	-1.43	-1.3	-1.17	-1.04	-0.91	-0.91	-0.91	-0.91	-0.91	-0.91	-0.91	-0.91	-0.91	-0.91	-0.91	-0.91	-0.91	-0.91	-0.91	-0.91	-0.91	-0.91	-0.91	-0.91	-0.91	-0.91	-0.91	-0.91	0	0	0	0	0	0	0	0	0	0	0	0	0	0	0	0	0	0	0	0	0	0	0	-1.84	-1.86	-1.87	-1.89	-1.9	-1.92	-1.93	-1.95	-1.96	-1.98	-1.99	-2.01	-2.02	-2.04	-2.05	-2.07	-2.08	-2.1	-2.11	-2.13	-2.14	-2.16	-2.17	0	0	0	0	0	0	0	0	0	0	0	0	0	0	0	0	0	0	0	0	0	0	0	0	0	0	0	0	0	0	0	0	0	0	0	0	0	0	0
0	0	0	0	0	0	0	0	0	0	0	0	0	0	0	0	0	0	0	0	0	0	-0.18	-0.4	-0.63	-0.85	-1.08	-1.3	-1.53	-1.75	-1.98	-2.2	-2.43	-2.65	-2.88	-3.1	-3.33	-3.55	-3.78	-4	-4	-4	-4	-4	-4	-4	-4	-4	-4	-4	-4	-4	-4	-4	-4	-4	-4	-4	-4	-4	-4	-4	-4	-4	-4	-3.99	-3.99	-3.99	-3.99	-3.99	-3.98	-3.98	-3.98	-3.98	-3.98	-3.98	-3.97	-3.97	-3.97	-3.97	-3.97	-3.96	-3.96	-3.96	-3.96	-3.96	-3.83	-3.7	-3.57	-3.43	-3.3	-3.17	-3.04	-2.91	-2.78	-2.65	-2.52	-2.39	-2.26	-2.13	-2	-1.87	-1.74	-1.61	-1.48	-1.35	-1.22	-1.09	-0.96	-0.96	-0.96	-0.96	-0.96	-0.96	-0.96	-0.96	-0.96	-0.96	-0.96	-0.96	-0.96	-0.96	-0.96	-0.96	-0.96	-0.96	-0.96	-0.96	-0.96	-0.96	-0.96	-0.96	0	0	0	0	0	0	0	0	0	0	0	0	0	0	0	0	0	0	0	0	0	0	0	-1.92	-1.93	-1.94	-1.94	-1.95	-1.96	-1.97	-1.97	-1.98	-1.99	-2	-2	-2.01	-2.02	-2.03	-2.03	-2.04	-2.05	-2.06	-2.06	-2.07	-2.08	-2.09	0	0	0	0	0	0	0	0	0	0	0	0	0	0	0	0	0	0	0	0	0	0	0	0	0	0	0	0	0	0	0	0	0	0	0	0	0	0	0
0	0	0	0	0	0	0	0	0	0	0	0	0	0	0	0	0	0	0	0	0	-0.09	-0.3	-0.52	-0.74	-0.96	-1.17	-1.39	-1.61	-1.83	-2.04	-2.26	-2.48	-2.7	-2.91	-3.13	-3.35	-3.57	-3.78	-4	-4	-4	-4	-4	-4	-4	-4	-4	-4	-4	-4	-4	-4	-4	-4	-4	-4	-4	-4	-4	-4	-4	-4	-4	-4	-4	-4	-4	-4	-4	-4	-4	-4	-4	-4	-4	-4	-4	-4	-4	-4	-4	-4	-4	-4	-4	-3.87	-3.74	-3.61	-3.48	-3.35	-3.22	-3.09	-2.96	-2.83	-2.7	-2.57	-2.43	-2.3	-2.17	-2.04	-1.91	-1.78	-1.65	-1.52	-1.39	-1.26	-1.13	-1	-1	-1	-1	-1	-1	-1	-1	-1	-1	-1	-1	-1	-1	-1	-1	-1	-1	-1	-1	-1	-1	-1	-1	0	0	0	0	0	0	0	0	0	0	0	0	0	0	0	0	0	0	0	0	0	0	0	-2	-2	-2	-2	-2	-2	-2	-2	-2	-2	-2	-2	-2	-2	-2	-2	-2	-2	-2	-2	-2	-2	-2	0	0	0	0	0	0	0	0	0	0	0	0	0	0	0	0	0	0	0	0	0	0	0	0	0	0	0	0	0	0	0	0	0	0	0	0	0	0	0
0	0	0	0	0	0	0	0	0	0	0	0	0	0	0	0	0	0	0	0	-0.01	-0.22	-0.43	-0.64	-0.85	-1.06	-1.27	-1.48	-1.69	-1.9	-2.11	-2.32	-2.53	-2.74	-2.95	-3.16	-3.37	-3.58	-3.79	-4	-4	-4	-4	-4	-4	-4	-4	-4	-4	-4	-4	-4	-4	-4	-4	-4	-4	-4	-4	-4	-4	-4	-4	-4	-4	-4.01	-4.01	-4.01	-4.01	-4.01	-4.02	-4.02	-4.02	-4.02	-4.02	-4.02	-4.03	-4.03	-4.03	-4.03	-4.03	-4.04	-4.04	-4.04	-4.04	-4.04	-3.91	-3.78	-3.65	-3.52	-3.39	-3.26	-3.13	-3	-2.87	-2.74	-2.61	-2.48	-2.35	-2.22	-2.09	-1.96	-1.83	-1.7	-1.57	-1.43	-1.3	-1.17	-1.04	-1.04	-1.04	-1.04	-1.04	-1.04	-1.04	-1.04	-1.04	-1.04	-1.04	-1.04	-1.04	-1.04	-1.04	-1.04	-1.04	-1.04	-1.04	-1.04	-1.04	-1.04	-1.04	-1.04	0	0	0	0	0	0	0	0	0	0	0	0	0	0	0	0	0	0	0	0	0	0	0	-2.08	-2.07	-2.06	-2.06	-2.05	-2.04	-2.03	-2.03	-2.02	-2.01	-2	-2	-1.99	-1.98	-1.97	-1.97	-1.96	-1.95	-1.94	-1.94	-1.93	-1.92	-1.91	0	0	0	0	0	0	0	0	0	0	0	0	0	0	0	0	0	0	0	0	0	0	0	0	0	0	0	0	0	0	0	0	0	0	0	0	0	0	0
0	0	0	0	0	0	0	0	0	0	0	0	0	0	0	0	0	0	0	0	-0.16	-0.36	-0.56	-0.76	-0.97	-1.17	-1.37	-1.57	-1.78	-1.98	-2.18	-2.38	-2.58	-2.79	-2.99	-3.19	-3.39	-3.6	-3.8	-4	-4	-4	-4	-4	-4	-4	-4	-4	-4	-4	-4	-4	-4	-4	-4	-4	-4	-4	-4	-4	-4	-4	-4	-4	-4.01	-4.01	-4.02	-4.02	-4.02	-4.03	-4.03	-4.03	-4.04	-4.04	-4.05	-4.05	-4.05	-4.06	-4.06	-4.06	-4.07	-4.07	-4.08	-4.08	-4.08	-4.09	-3.96	-3.83	-3.7	-3.57	-3.43	-3.3	-3.17	-3.04	-2.91	-2.78	-2.65	-2.52	-2.39	-2.26	-2.13	-2	-1.87	-1.74	-1.61	-1.48	-1.35	-1.22	-1.09	-1.09	-1.09	-1.09	-1.09	-1.09	-1.09	-1.09	-1.09	-1.09	-1.09	-1.09	-1.09	-1.09	-1.09	-1.09	-1.09	-1.09	-1.09	-1.09	-1.09	-1.09	-1.09	-1.09	0	0	0	0	0	0	0	0	0	0	0	0	0	0	0	0	0	0	0	0	0	0	0	-2.16	-2.14	-2.13	-2.11	-2.1	-2.08	-2.07	-2.05	-2.04	-2.02	-2.01	-1.99	-1.98	-1.96	-1.95	-1.93	-1.92	-1.9	-1.89	-1.87	-1.86	-1.84	-1.83	0	0	0	0	0	0	0	0	0	0	0	0	0	0	0	0	0	0	0	0	0	0	0	0	0	0	0	0	0	0	0	0	0	0	0	0	0	0	0
0	0	0	0	0	0	0	0	0	0	0	0	0	0	0	0	0	0	0	-0.11	-0.3	-0.5	-0.69	-0.88	-1.08	-1.27	-1.47	-1.66	-1.86	-2.05	-2.25	-2.44	-2.64	-2.83	-3.03	-3.22	-3.42	-3.61	-3.81	-4	-4	-4	-4	-4	-4	-4	-4	-4	-4	-4	-4	-4	-4	-4	-4	-4	-4	-4	-4	-4	-4	-4	-4	-4.01	-4.01	-4.02	-4.02	-4.03	-4.03	-4.04	-4.05	-4.05	-4.06	-4.06	-4.07	-4.07	-4.08	-4.09	-4.09	-4.1	-4.1	-4.11	-4.11	-4.12	-4.12	-4.13	-4	-3.87	-3.74	-3.61	-3.48	-3.35	-3.22	-3.09	-2.96	-2.83	-2.7	-2.57	-2.43	-2.3	-2.17	-2.04	-1.91	-1.78	-1.65	-1.52	-1.39	-1.26	-1.13	-1.13	-1.13	-1.13	-1.13	-1.13	-1.13	-1.13	-1.13	-1.13	-1.13	-1.13	-1.13	-1.13	-1.13	-1.13	-1.13	-1.13	-1.13	-1.13	-1.13	-1.13	-1.13	-1.13	0	0	0	0	0	0	0	0	0	0	0	0	0	0	0	0	0	0	0	0	0	0	0	-2.24	-2.22	-2.19	-2.17	-2.15	-2.12	-2.1	-2.08	-2.06	-2.03	-2.01	-1.99	-1.97	-1.94	-1.92	-1.9	-1.88	-1.85	-1.83	-1.81	-1.78	-1.76	-1.74	0	0	0	0	0	0	0	0	0	0	0	0	0	0	0	0	0	0	0	0	0	0	0	0	0	0	0	0	0	0	0	0	0	0	0	0	0	0	0
0	0	0	0	0	0	0	0	0	0	0	0	0	0	0	0	0	0	-0.07	-0.26	-0.44	-0.63	-0.82	-1.01	-1.19	-1.38	-1.57	-1.75	-1.94	-2.13	-2.32	-2.5	-2.69	-2.88	-3.06	-3.25	-3.44	-3.63	-3.81	-4	-4	-4	-4	-4	-4	-4	-4	-4	-4	-4	-4	-4	-4	-4	-4	-4	-4	-4	-4	-4	-4	-4	-4	-4.01	-4.02	-4.02	-4.03	-4.04	-4.05	-4.05	-4.06	-4.07	-4.08	-4.08	-4.09	-4.1	-4.11	-4.11	-4.12	-4.13	-4.14	-4.14	-4.15	-4.16	-4.17	-4.17	-4.04	-3.91	-3.78	-3.65	-3.52	-3.39	-3.26	-3.13	-3	-2.87	-2.74	-2.61	-2.48	-2.35	-2.22	-2.09	-1.96	-1.83	-1.7	-1.57	-1.43	-1.3	-1.17	-1.17	-1.17	-1.17	-1.17	-1.17	-1.17	-1.17	-1.17	-1.17	-1.17	-1.17	-1.17	-1.17	-1.17	-1.17	-1.17	-1.17	-1.17	-1.17	-1.17	-1.17	-1.17	-1.17	0	0	0	0	0	0	0	0	0	0	0	0	0	0	0	0	0	0	0	0	0	0	0	-2.32	-2.29	-2.26	-2.23	-2.2	-2.17	-2.14	-2.11	-2.08	-2.05	-2.02	-1.98	-1.95	-1.92	-1.89	-1.86	-1.83	-1.8	-1.77	-1.74	-1.71	-1.68	-1.65	0	0	0	0	0	0	0	0	0	0	0	0	0	0	0	0	0	0	0	0	0	0	0	0	0	0	0	0	0	0	0	0	0	0	0	0	0	0	0
0	0	0	0	0	0	0	0	0	0	0	0	0	0	0	0	0	-0.05	-0.23	-0.41	-0.59	-0.77	-0.95	-1.13	-1.31	-1.49	-1.67	-1.84	-2.02	-2.2	-2.38	-2.56	-2.74	-2.92	-3.1	-3.28	-3.46	-3.64	-3.82	-4	-4	-4	-4	-4	-4	-4	-4	-4	-4	-4	-4	-4	-4	-4	-4	-4	-4	-4	-4	-4	-4	-4	-4	-4.01	-4.02	-4.03	-4.04	-4.05	-4.06	-4.07	-4.08	-4.09	-4.09	-4.1	-4.11	-4.12	-4.13	-4.14	-4.15	-4.16	-4.17	-4.18	-4.19	-4.2	-4.21	-4.22	-4.09	-3.96	-3.83	-3.7	-3.57	-3.43	-3.3	-3.17	-3.04	-2.91	-2.78	-2.65	-2.52	-2.39	-2.26	-2.13	-2	-1.87	-1.74	-1.61	-1.48	-1.35	-1.22	-1.22	-1.22	-1.22	-1.22	-1.22	-1.22	-1.22	-1.22	-1.22	-1.22	-1.22	-1.22	-1.22	-1.22	-1.22	-1.22	-1.22	-1.22	-1.22	-1.22	-1.22	-1.22	-1.22	0	0	0	0	0	0	0	0	0	0	0	0	0	0	0	0	0	0	0	0	0	0	0	-2.4	-2.36	-2.32	-2.28	-2.25	-2.21	-2.17	-2.13	-2.09	-2.06	-2.02	-1.98	-1.94	-1.91	-1.87	-1.83	-1.79	-1.75	-1.72	-1.68	-1.64	-1.6	-1.57	0	0	0	0	0	0	0	0	0	0	0	0	0	0	0	0	0	0	0	0	0	0	0	0	0	0	0	0	0	0	0	0	0	0	0	0	0	0	0
0	0	0	0	0	0	0	0	0	0	0	0	0	0	0	0	-0.04	-0.22	-0.39	-0.56	-0.73	-0.9	-1.08	-1.25	-1.42	-1.59	-1.76	-1.94	-2.11	-2.28	-2.45	-2.62	-2.8	-2.97	-3.14	-3.31	-3.48	-3.66	-3.83	-4	-4	-4	-4	-4	-4	-4	-4	-4	-4	-4	-4	-4	-4	-4	-4	-4	-4	-4	-4	-4	-4	-4	-4	-4.01	-4.02	-4.03	-4.05	-4.06	-4.07	-4.08	-4.09	-4.1	-4.11	-4.12	-4.14	-4.15	-4.16	-4.17	-4.18	-4.19	-4.2	-4.22	-4.23	-4.24	-4.25	-4.26	-4.13	-4	-3.87	-3.74	-3.61	-3.48	-3.35	-3.22	-3.09	-2.96	-2.83	-2.7	-2.57	-2.43	-2.3	-2.17	-2.04	-1.91	-1.78	-1.65	-1.52	-1.39	-1.26	-1.26	-1.26	-1.26	-1.26	-1.26	-1.26	-1.26	-1.26	-1.26	-1.26	-1.26	-1.26	-1.26	-1.26	-1.26	-1.26	-1.26	-1.26	-1.26	-1.26	-1.26	-1.26	-1.26	0	0	0	0	0	0	0	0	0	0	0	0	0	0	0	0	0	0	0	0	0	0	0	-2.48	-2.43	-2.39	-2.34	-2.29	-2.25	-2.2	-2.16	-2.11	-2.07	-2.02	-1.98	-1.93	-1.89	-1.84	-1.8	-1.75	-1.71	-1.66	-1.61	-1.57	-1.52	-1.48	0	0	0	0	0	0	0	0	0	0	0	0	0	0	0	0	0	0	0	0	0	0	0	0	0	0	0	0	0	0	0	0	0	0	0	0	0	0	0
0	0	0	0	0	0	0	0	0	0	0	0	0	0	0	-0.05	-0.22	-0.38	-0.55	-0.71	-0.88	-1.04	-1.2	-1.37	-1.53	-1.7	-1.86	-2.03	-2.19	-2.36	-2.52	-2.68	-2.85	-3.01	-3.18	-3.34	-3.51	-3.67	-3.84	-4	-4	-4	-4	-4	-4	-4	-4	-4	-4	-4	-4	-4	-4	-4	-4	-4	-4	-4	-4	-4	-4	-4	-4	-4.01	-4.03	-4.04	-4.05	-4.07	-4.08	-4.09	-4.11	-4.12	-4.13	-4.15	-4.16	-4.17	-4.19	-4.2	-4.21	-4.22	-4.24	-4.25	-4.26	-4.28	-4.29	-4.3	-4.17	-4.04	-3.91	-3.78	-3.65	-3.52	-3.39	-3.26	-3.13	-3	-2.87	-2.74	-2.61	-2.48	-2.35	-2.22	-2.09	-1.96	-1.83	-1.7	-1.57	-1.43	-1.3	-1.3	-1.3	-1.3	-1.3	-1.3	-1.3	-1.3	-1.3	-1.3	-1.3	-1.3	-1.3	-1.3	-1.3	-1.3	-1.3	-1.3	-1.3	-1.3	-1.3	-1.3	-1.3	-1.3	0	0	0	0	0	0	0	0	0	0	0	0	0	0	0	0	0	0	0	0	0	0	0	-2.56	-2.5	-2.45	-2.4	-2.34	-2.29	-2.24	-2.19	-2.13	-2.08	-2.03	-1.97	-1.92	-1.87	-1.81	-1.76	-1.71	-1.66	-1.6	-1.55	-1.5	-1.44	-1.39	0	0	0	0	0	0	0	0	0	0	0	0	0	0	0	0	0	0	0	0	0	0	0	0	0	0	0	0	0	0	0	0	0	0	0	0	0	0	0
0	0	0	0	0	0	0	0	0	0	0	0	0	0	-0.08	-0.23	-0.39	-0.55	-0.71	-0.86	-1.02	-1.18	-1.33	-1.49	-1.65	-1.8	-1.96	-2.12	-2.27	-2.43	-2.59	-2.74	-2.9	-3.06	-3.22	-3.37	-3.53	-3.69	-3.84	-4	-4	-4	-4	-4	-4	-4	-4	-4	-4	-4	-4	-4	-4	-4	-4	-4	-4	-4	-4	-4	-4	-4	-4	-4.02	-4.03	-4.05	-4.06	-4.08	-4.09	-4.11	-4.12	-4.14	-4.15	-4.17	-4.18	-4.2	-4.21	-4.23	-4.24	-4.26	-4.27	-4.29	-4.3	-4.32	-4.33	-4.35	-4.22	-4.09	-3.96	-3.83	-3.7	-3.57	-3.43	-3.3	-3.17	-3.04	-2.91	-2.78	-2.65	-2.52	-2.39	-2.26	-2.13	-2	-1.87	-1.74	-1.61	-1.48	-1.35	-1.35	-1.35	-1.35	-1.35	-1.35	-1.35	-1.35	-1.35	-1.35	-1.35	-1.35	-1.35	-1.35	-1.35	-1.35	-1.35	-1.35	-1.35	-1.35	-1.35	-1.35	-1.35	-1.35	0	0	0	0	0	0	0	0	0	0	0	0	0	0	0	0	0	0	0	0	0	0	0	-2.64	-2.57	-2.51	-2.45	-2.39	-2.33	-2.27	-2.21	-2.15	-2.09	-2.03	-1.97	-1.91	-1.85	-1.79	-1.73	-1.67	-1.61	-1.55	-1.49	-1.43	-1.36	-1.3	0	0	0	0	0	0	0	0	0	0	0	0	0	0	0	0	0	0	0	0	0	0	0	0	0	0	0	0	0	0	0	0	0	0	0	0	0	0	0
0	0	0	0	0	0	0	0	0	0	0	0	0	-0.12	-0.27	-0.42	-0.57	-0.71	-0.86	-1.01	-1.16	-1.31	-1.46	-1.61	-1.76	-1.91	-2.06	-2.21	-2.36	-2.51	-2.66	-2.81	-2.95	-3.1	-3.25	-3.4	-3.55	-3.7	-3.85	-4	-4	-4	-4	-4	-4	-4	-4	-4	-4	-4	-4	-4	-4	-4	-4	-4	-4	-4	-4	-4	-4	-4	-4	-4.02	-4.03	-4.05	-4.07	-4.09	-4.1	-4.12	-4.14	-4.15	-4.17	-4.19	-4.2	-4.22	-4.24	-4.26	-4.27	-4.29	-4.31	-4.32	-4.34	-4.36	-4.37	-4.39	-4.26	-4.13	-4	-3.87	-3.74	-3.61	-3.48	-3.35	-3.22	-3.09	-2.96	-2.83	-2.7	-2.57	-2.43	-2.3	-2.17	-2.04	-1.91	-1.78	-1.65	-1.52	-1.39	-1.39	-1.39	-1.39	-1.39	-1.39	-1.39	-1.39	-1.39	-1.39	-1.39	-1.39	-1.39	-1.39	-1.39	-1.39	-1.39	-1.39	-1.39	-1.39	-1.39	-1.39	-1.39	-1.39	0	0	0	0	0	0	0	0	0	0	0	0	0	0	0	0	0	0	0	0	0	0	0	-2.71	-2.65	-2.58	-2.51	-2.44	-2.37	-2.31	-2.24	-2.17	-2.1	-2.03	-1.97	-1.9	-1.83	-1.76	-1.69	-1.63	-1.56	-1.49	-1.42	-1.35	-1.29	-1.22	0	0	0	0	0	0	0	0	0	0	0	0	0	0	0	0	0	0	0	0	0	0	0	0	0	0	0	0	0	0	0	0	0	0	0	0	0	0	0
0	0	0	0	0	0	0	0	0	0	0	-0.03	-0.17	-0.31	-0.46	-0.6	-0.74	-0.88	-1.02	-1.16	-1.31	-1.45	-1.59	-1.73	-1.87	-2.02	-2.16	-2.3	-2.44	-2.58	-2.72	-2.87	-3.01	-3.15	-3.29	-3.43	-3.57	-3.72	-3.86	-4	-4	-4	-4	-4	-4	-4	-4	-4	-4	-4	-4	-4	-4	-4	-4	-4	-4	-4	-4	-4	-4	-4	-4	-4.02	-4.04	-4.06	-4.08	-4.09	-4.11	-4.13	-4.15	-4.17	-4.19	-4.21	-4.23	-4.25	-4.26	-4.28	-4.3	-4.32	-4.34	-4.36	-4.38	-4.4	-4.42	-4.43	-4.3	-4.17	-4.04	-3.91	-3.78	-3.65	-3.52	-3.39	-3.26	-3.13	-3	-2.87	-2.74	-2.61	-2.48	-2.35	-2.22	-2.09	-1.96	-1.83	-1.7	-1.57	-1.43	-1.43	-1.43	-1.43	-1.43	-1.43	-1.43	-1.43	-1.43	-1.43	-1.43	-1.43	-1.43	-1.43	-1.43	-1.43	-1.43	-1.43	-1.43	-1.43	-1.43	-1.43	-1.43	-1.43	0	0	0	0	0	0	0	0	0	0	0	0	0	0	0	0	0	0	0	0	0	0	0	-2.79	-2.72	-2.64	-2.57	-2.49	-2.42	-2.34	-2.26	-2.19	-2.11	-2.04	-1.96	-1.89	-1.81	-1.74	-1.66	-1.58	-1.51	-1.43	-1.36	-1.28	-1.21	-1.13	0	0	0	0	0	0	0	0	0	0	0	0	0	0	0	0	0	0	0	0	0	0	0	0	0	0	0	0	0	0	0	0	0	0	0	0	0	0	0
0	0	0	0	0	0	0	0	0	0	-0.11	-0.24	-0.38	-0.51	-0.64	-0.78	-0.91	-1.05	-1.18	-1.32	-1.45	-1.58	-1.72	-1.85	-1.99	-2.12	-2.26	-2.39	-2.52	-2.66	-2.79	-2.93	-3.06	-3.19	-3.33	-3.46	-3.6	-3.73	-3.87	-4	-4	-4	-4	-4	-4	-4	-4	-4	-4	-4	-4	-4	-4	-4	-4	-4	-4	-4	-4	-4	-4	-4	-4	-4.02	-4.04	-4.06	-4.08	-4.1	-4.12	-4.15	-4.17	-4.19	-4.21	-4.23	-4.25	-4.27	-4.29	-4.31	-4.33	-4.35	-4.37	-4.4	-4.42	-4.44	-4.46	-4.48	-4.35	-4.22	-4.09	-3.96	-3.83	-3.7	-3.57	-3.43	-3.3	-3.17	-3.04	-2.91	-2.78	-2.65	-2.52	-2.39	-2.26	-2.13	-2	-1.87	-1.74	-1.61	-1.48	-1.48	-1.48	-1.48	-1.48	-1.48	-1.48	-1.48	-1.48	-1.48	-1.48	-1.48	-1.48	-1.48	-1.48	-1.48	-1.48	-1.48	-1.48	-1.48	-1.48	-1.48	-1.48	-1.48	0	0	0	0	0	0	0	0	0	0	0	0	0	0	0	0	0	0	0	0	0	0	0	-2.87	-2.79	-2.71	-2.62	-2.54	-2.46	-2.37	-2.29	-2.21	-2.12	-2.04	-1.96	-1.88	-1.79	-1.71	-1.63	-1.54	-1.46	-1.38	-1.29	-1.21	-1.13	-1.04	0	0	0	0	0	0	0	0	0	0	0	0	0	0	0	0	0	0	0	0	0	0	0	0	0	0	0	0	0	0	0	0	0	0	0	0	0	0	0
0	0	0	0	0	0	0	0	-0.07	-0.2	-0.33	-0.45	-0.58	-0.71	-0.83	-0.96	-1.09	-1.21	-1.34	-1.47	-1.59	-1.72	-1.85	-1.97	-2.1	-2.23	-2.35	-2.48	-2.61	-2.73	-2.86	-2.99	-3.11	-3.24	-3.37	-3.49	-3.62	-3.75	-3.87	-4	-4	-4	-4	-4	-4	-4	-4	-4	-4	-4	-4	-4	-4	-4	-4	-4	-4	-4	-4	-4	-4	-4	-4	-4.02	-4.05	-4.07	-4.09	-4.11	-4.14	-4.16	-4.18	-4.2	-4.23	-4.25	-4.27	-4.29	-4.32	-4.34	-4.36	-4.39	-4.41	-4.43	-4.45	-4.48	-4.5	-4.52	-4.39	-4.26	-4.13	-4	-3.87	-3.74	-3.61	-3.48	-3.35	-3.22	-3.09	-2.96	-2.83	-2.7	-2.57	-2.43	-2.3	-2.17	-2.04	-1.91	-1.78	-1.65	-1.52	-1.52	-1.52	-1.52	-1.52	-1.52	-1.52	-1.52	-1.52	-1.52	-1.52	-1.52	-1.52	-1.52	-1.52	-1.52	-1.52	-1.52	-1.52	-1.52	-1.52	-1.52	-1.52	-1.52	0	0	0	0	0	0	0	0	0	0	0	-4	-4	-4	-4	-4	-4	-4	-4	-4	-4	-4	-4	-2.95	-2.86	-2.77	-2.68	-2.59	-2.5	-2.41	-2.32	-2.23	-2.14	-2.05	-1.95	-1.86	-1.77	-1.68	-1.59	-1.5	-1.41	-1.32	-1.23	-1.14	-1.05	-0.96	0	0	0	0	0	0	0	0	0	0	0	0	0	0	0	0	0	0	0	0	0	0	0	0	0	0	0	0	0	0	0	0	0	0	0	0	0	0	0
0	0	0	0	0	0	-0.07	-0.19	-0.31	-0.43	-0.55	-0.67	-0.78	-0.9	-1.02	-1.14	-1.26	-1.38	-1.5	-1.62	-1.74	-1.86	-1.98	-2.09	-2.21	-2.33	-2.45	-2.57	-2.69	-2.81	-2.93	-3.05	-3.17	-3.29	-3.4	-3.52	-3.64	-3.76	-3.88	-4	-4	-4	-4	-4	-4	-4	-4	-4	-4	-4	-4	-4	-4	-4	-4	-4	-4	-4	-4	-4	-4	-4	-4	-4.02	-4.05	-4.07	-4.1	-4.12	-4.15	-4.17	-4.2	-4.22	-4.25	-4.27	-4.29	-4.32	-4.34	-4.37	-4.39	-4.42	-4.44	-4.47	-4.49	-4.52	-4.54	-4.57	-4.43	-4.3	-4.17	-4.04	-3.91	-3.78	-3.65	-3.52	-3.39	-3.26	-3.13	-3	-2.87	-2.74	-2.61	-2.48	-2.35	-2.22	-2.09	-1.96	-1.83	-1.7	-1.57	-1.57	-1.57	-1.57	-1.57	-1.57	-1.57	-1.57	-1.57	-1.57	-1.57	-1.57	-1.57	-1.57	-1.57	-1.57	-1.57	-1.57	-1.57	-1.57	-1.57	-1.57	-1.57	-1.57	0	0	0	0	0	0	0	0	0	0	0	-4	-4	-4	-4	-4	-4	-4	-4	-4	-4	-4	-4	-3.03	-2.93	-2.84	-2.74	-2.64	-2.54	-2.44	-2.34	-2.25	-2.15	-2.05	-1.95	-1.85	-1.75	-1.66	-1.56	-1.46	-1.36	-1.26	-1.16	-1.07	-0.97	-0.87	0	0	0	0	0	0	0	0	0	0	0	0	0	0	0	0	0	0	0	0	0	0	0	0	0	0	0	0	0	0	0	0	0	0	0	0	0	0	0
0	0	0	0	0	-0.21	-0.32	-0.43	-0.54	-0.65	-0.77	-0.88	-0.99	-1.1	-1.21	-1.32	-1.43	-1.55	-1.66	-1.77	-1.88	-1.99	-2.1	-2.22	-2.33	-2.44	-2.55	-2.66	-2.77	-2.88	-3	-3.11	-3.22	-3.33	-3.44	-3.55	-3.67	-3.78	-3.89	-4	-4	-4	-4	-4	-4	-4	-4	-4	-4	-4	-4	-4	-4	-4	-4	-4	-4	-4	-4	-4	-4	-4	-4	-4.03	-4.05	-4.08	-4.11	-4.13	-4.16	-4.19	-4.21	-4.24	-4.26	-4.29	-4.32	-4.34	-4.37	-4.4	-4.42	-4.45	-4.48	-4.5	-4.53	-4.56	-4.58	-4.61	-4.48	-4.35	-4.22	-4.09	-3.96	-3.83	-3.7	-3.57	-3.43	-3.3	-3.17	-3.04	-2.91	-2.78	-2.65	-2.52	-2.39	-2.26	-2.13	-2	-1.87	-1.74	-1.61	-1.61	-1.61	-1.61	-1.61	-1.61	-1.61	-1.61	-1.61	-1.61	-1.61	-1.61	-1.61	-1.61	-1.61	-1.61	-1.61	-1.61	-1.61	-1.61	-1.61	-1.61	-1.61	-1.61	0	0	0	0	0	0	0	0	0	0	0	-4	-4	-4	-4	-4	-4	-4	-4	-4	-4	-4	-4	-3.11	-3.01	-2.9	-2.79	-2.69	-2.58	-2.48	-2.37	-2.26	-2.16	-2.05	-1.95	-1.84	-1.74	-1.63	-1.52	-1.42	-1.31	-1.21	-1.1	-0.99	-0.89	-0.78	0	0	0	0	0	0	0	0	0	0	0	0	0	0	0	0	0	0	0	0	0	0	0	0	0	0	0	0	0	0	0	0	0	0	0	0	0	0	0
0	0	0	0	0	-0.47	-0.57	-0.67	-0.78	-0.88	-0.98	-1.09	-1.19	-1.3	-1.4	-1.5	-1.61	-1.71	-1.82	-1.92	-2.02	-2.13	-2.23	-2.34	-2.44	-2.54	-2.65	-2.75	-2.86	-2.96	-3.06	-3.17	-3.27	-3.38	-3.48	-3.58	-3.69	-3.79	-3.9	-4	-4	-4	-4	-4	-4	-4	-4	-4	-4	-4	-4	-4	-4	-4	-4	-4	-4	-4	-4	-4	-4	-4	-4	-4.03	-4.06	-4.09	-4.11	-4.14	-4.17	-4.2	-4.23	-4.26	-4.28	-4.31	-4.34	-4.37	-4.4	-4.43	-4.45	-4.48	-4.51	-4.54	-4.57	-4.6	-4.62	-4.65	-4.52	-4.39	-4.26	-4.13	-4	-3.87	-3.74	-3.61	-3.48	-3.35	-3.22	-3.09	-2.96	-2.83	-2.7	-2.57	-2.43	-2.3	-2.17	-2.04	-1.91	-1.78	-1.65	-1.65	-1.65	-1.65	-1.65	-1.65	-1.65	-1.65	-1.65	-1.65	-1.65	-1.65	-1.65	-1.65	-1.65	-1.65	-1.65	-1.65	-1.65	-1.65	-1.65	-1.65	-1.65	-1.65	0	0	0	0	0	0	0	0	0	0	0	-4	-4	-4	-4	-4	-4	-4	-4	-4	-4	-4	-4	-3.19	-3.08	-2.96	-2.85	-2.74	-2.62	-2.51	-2.4	-2.28	-2.17	-2.06	-1.94	-1.83	-1.72	-1.6	-1.49	-1.38	-1.26	-1.15	-1.04	-0.92	-0.81	-0.7	0	0	0	0	0	0	0	0	0	0	0	0	0	0	0	0	0	0	0	0	0	0	0	0	0	0	0	0	0	0	0	0	0	0	0	0	0	0	0
0	0	0	0	0	-0.72	-0.82	-0.91	-1.01	-1.11	-1.2	-1.3	-1.4	-1.49	-1.59	-1.69	-1.78	-1.88	-1.98	-2.07	-2.17	-2.26	-2.36	-2.46	-2.55	-2.65	-2.75	-2.84	-2.94	-3.04	-3.13	-3.23	-3.33	-3.42	-3.52	-3.61	-3.71	-3.81	-3.9	-4	-4	-4	-4	-4	-4	-4	-4	-4	-4	-4	-4	-4	-4	-4	-4	-4	-4	-4	-4	-4	-4	-4	-4	-4.03	-4.06	-4.09	-4.12	-4.15	-4.18	-4.21	-4.24	-4.27	-4.3	-4.33	-4.36	-4.39	-4.42	-4.45	-4.48	-4.51	-4.54	-4.57	-4.6	-4.64	-4.67	-4.7	-4.57	-4.43	-4.3	-4.17	-4.04	-3.91	-3.78	-3.65	-3.52	-3.39	-3.26	-3.13	-3	-2.87	-2.74	-2.61	-2.48	-2.35	-2.22	-2.09	-1.96	-1.83	-1.7	-1.7	-1.7	-1.7	-1.7	-1.7	-1.7	-1.7	-1.7	-1.7	-1.7	-1.7	-1.7	-1.7	-1.7	-1.7	-1.7	-1.7	-1.7	-1.7	-1.7	-1.7	-1.7	-1.7	0	0	0	0	0	0	0	0	0	0	0	-4	-4	-4	-4	-4	-4	-4	-4	-4	-4	-4	-4	-3.27	-3.15	-3.03	-2.91	-2.79	-2.67	-2.54	-2.42	-2.3	-2.18	-2.06	-1.94	-1.82	-1.7	-1.58	-1.46	-1.33	-1.21	-1.09	-0.97	-0.85	-0.73	-0.61	0	0	0	0	0	0	0	0	0	0	0	0	0	0	0	0	0	0	0	0	0	0	0	0	0	0	0	0	0	0	0	0	0	0	0	0	0	0	0
0	0	0	0	0	-0.98	-1.07	-1.16	-1.25	-1.33	-1.42	-1.51	-1.6	-1.69	-1.78	-1.87	-1.96	-2.05	-2.13	-2.22	-2.31	-2.4	-2.49	-2.58	-2.67	-2.76	-2.84	-2.93	-3.02	-3.11	-3.2	-3.29	-3.38	-3.47	-3.56	-3.64	-3.73	-3.82	-3.91	-4	-4	-4	-4	-4	-4	-4	-4	-4	-4	-4	-4	-4	-4	-4	-4	-4	-4	-4	-4	-4	-4	-4	-4	-4.03	-4.06	-4.1	-4.13	-4.16	-4.19	-4.22	-4.26	-4.29	-4.32	-4.35	-4.39	-4.42	-4.45	-4.48	-4.51	-4.55	-4.58	-4.61	-4.64	-4.67	-4.71	-4.74	-4.61	-4.48	-4.35	-4.22	-4.09	-3.96	-3.83	-3.7	-3.57	-3.43	-3.3	-3.17	-3.04	-2.91	-2.78	-2.65	-2.52	-2.39	-2.26	-2.13	-2	-1.87	-1.74	-1.74	-1.74	-1.74	-1.74	-1.74	-1.74	-1.74	-1.74	-1.74	-1.74	-1.74	-1.74	-1.74	-1.74	-1.74	-1.74	-1.74	-1.74	-1.74	-1.74	-1.74	-1.74	-1.74	0	0	0	0	0	0	0	0	0	0	0	-4	-4	-4	-4	-4	-4	-4	-4	-4	-4	-4	-4	-3.35	-3.22	-3.09	-2.96	-2.84	-2.71	-2.58	-2.45	-2.32	-2.19	-2.06	-1.94	-1.81	-1.68	-1.55	-1.42	-1.29	-1.16	-1.04	-0.91	-0.78	-0.65	-0.52	0	0	0	0	0	0	0	0	0	0	0	0	0	0	0	0	0	0	0	0	0	0	0	0	0	0	0	0	0	0	0	0	0	0	0	0	0	0	0
0	0	0	0	0	-1.24	-1.32	-1.4	-1.48	-1.56	-1.64	-1.72	-1.81	-1.89	-1.97	-2.05	-2.13	-2.21	-2.29	-2.37	-2.46	-2.54	-2.62	-2.7	-2.78	-2.86	-2.94	-3.02	-3.11	-3.19	-3.27	-3.35	-3.43	-3.51	-3.59	-3.67	-3.76	-3.84	-3.92	-4	-4	-4	-4	-4	-4	-4	-4	-4	-4	-4	-4	-4	-4	-4	-4	-4	-4	-4	-4	-4	-4	-4	-4	-4.03	-4.07	-4.1	-4.14	-4.17	-4.2	-4.24	-4.27	-4.31	-4.34	-4.37	-4.41	-4.44	-4.48	-4.51	-4.54	-4.58	-4.61	-4.65	-4.68	-4.71	-4.75	-4.78	-4.65	-4.52	-4.39	-4.26	-4.13	-4	-3.87	-3.74	-3.61	-3.48	-3.35	-3.22	-3.09	-2.96	-2.83	-2.7	-2.57	-2.43	-2.3	-2.17	-2.04	-1.91	-1.78	-1.78	-1.78	-1.78	-1.78	-1.78	-1.78	-1.78	-1.78	-1.78	-1.78	-1.78	-1.78	-1.78	-1.78	-1.78	-1.78	-1.78	-1.78	-1.78	-1.78	-1.78	-1.78	-1.78	0	0	0	0	0	0	0	0	0	0	0	-4	-4	-4	-4	-4	-4	-4	-4	-4	-4	-4	-4	-3.43	-3.29	-3.16	-3.02	-2.88	-2.75	-2.61	-2.48	-2.34	-2.2	-2.07	-1.93	-1.8	-1.66	-1.52	-1.39	-1.25	-1.12	-0.98	-0.84	-0.71	-0.57	-0.43	0	0	0	0	0	0	0	0	0	0	0	0	0	0	0	0	0	0	0	0	0	0	0	0	0	0	0	0	0	0	0	0	0	0	0	0	0	0	0
0	0	0	0	0	-1.49	-1.57	-1.64	-1.71	-1.79	-1.86	-1.94	-2.01	-2.08	-2.16	-2.23	-2.3	-2.38	-2.45	-2.53	-2.6	-2.67	-2.75	-2.82	-2.89	-2.97	-3.04	-3.12	-3.19	-3.26	-3.34	-3.41	-3.48	-3.56	-3.63	-3.71	-3.78	-3.85	-3.93	-4	-4	-4	-4	-4	-4	-4	-4	-4	-4	-4	-4	-4	-4	-4	-4	-4	-4	-4	-4	-4	-4	-4	-4	-4.04	-4.07	-4.11	-4.14	-4.18	-4.22	-4.25	-4.29	-4.32	-4.36	-4.4	-4.43	-4.47	-4.5	-4.54	-4.57	-4.61	-4.65	-4.68	-4.72	-4.75	-4.79	-4.83	-4.7	-4.57	-4.43	-4.3	-4.17	-4.04	-3.91	-3.78	-3.65	-3.52	-3.39	-3.26	-3.13	-3	-2.87	-2.74	-2.61	-2.48	-2.35	-2.22	-2.09	-1.96	-1.83	-1.83	-1.83	-1.83	-1.83	-1.83	-1.83	-1.83	-1.83	-1.83	-1.83	-1.83	-1.83	-1.83	-1.83	-1.83	-1.83	-1.83	-1.83	-1.83	-1.83	-1.83	-1.83	-1.83	0	0	0	0	0	0	0	0	0	0	0	-4	-4	-4	-4	-4	-4	-4	-4	-4	-4	-4	-4	-3.51	-3.36	-3.22	-3.08	-2.93	-2.79	-2.65	-2.5	-2.36	-2.22	-2.07	-1.93	-1.78	-1.64	-1.5	-1.35	-1.21	-1.07	-0.92	-0.78	-0.64	-0.49	-0.35	0	0	0	0	0	0	0	0	0	0	0	0	0	0	0	0	0	0	0	0	0	0	0	0	0	0	0	0	0	0	0	0	0	0	0	0	0	0	0
0	0	0	0	0	-1.75	-1.82	-1.88	-1.95	-2.02	-2.08	-2.15	-2.21	-2.28	-2.35	-2.41	-2.48	-2.54	-2.61	-2.68	-2.74	-2.81	-2.88	-2.94	-3.01	-3.07	-3.14	-3.21	-3.27	-3.34	-3.4	-3.47	-3.54	-3.6	-3.67	-3.74	-3.8	-3.87	-3.93	-4	-4	-4	-4	-4	-4	-4	-4	-4	-4	-4	-4	-4	-4	-4	-4	-4	-4	-4	-4	-4	-4	-4	-4	-4.04	-4.08	-4.11	-4.15	-4.19	-4.23	-4.26	-4.3	-4.34	-4.38	-4.42	-4.45	-4.49	-4.53	-4.57	-4.6	-4.64	-4.68	-4.72	-4.76	-4.79	-4.83	-4.87	-4.74	-4.61	-4.48	-4.35	-4.22	-4.09	-3.96	-3.83	-3.7	-3.57	-3.43	-3.3	-3.17	-3.04	-2.91	-2.78	-2.65	-2.52	-2.39	-2.26	-2.13	-2	-1.87	-1.87	-1.87	-1.87	-1.87	-1.87	-1.87	-1.87	-1.87	-1.87	-1.87	-1.87	-1.87	-1.87	-1.87	-1.87	-1.87	-1.87	-1.87	-1.87	-1.87	-1.87	-1.87	-1.87	0	0	0	0	0	0	0	0	0	0	0	-4	-4	-4	-4	-4	-4	-4	-4	-4	-4	-4	-4	-3.59	-3.44	-3.29	-3.13	-2.98	-2.83	-2.68	-2.53	-2.38	-2.23	-2.08	-1.92	-1.77	-1.62	-1.47	-1.32	-1.17	-1.02	-0.87	-0.71	-0.56	-0.41	-0.26	0	0	0	0	0	0	0	0	0	0	0	0	0	0	0	0	0	0	0	0	0	0	0	0	0	0	0	0	0	0	0	0	0	0	0	0	0	0	0
0	0	0	0	0	-2.01	-2.07	-2.12	-2.18	-2.24	-2.3	-2.36	-2.42	-2.48	-2.53	-2.59	-2.65	-2.71	-2.77	-2.83	-2.89	-2.95	-3	-3.06	-3.12	-3.18	-3.24	-3.3	-3.36	-3.41	-3.47	-3.53	-3.59	-3.65	-3.71	-3.77	-3.82	-3.88	-3.94	-4	-4	-4	-4	-4	-4	-4	-4	-4	-4	-4	-4	-4	-4	-4	-4	-4	-4	-4	-4	-4	-4	-4	-4	-4.04	-4.08	-4.12	-4.16	-4.2	-4.24	-4.28	-4.32	-4.36	-4.4	-4.44	-4.48	-4.52	-4.56	-4.6	-4.64	-4.67	-4.71	-4.75	-4.79	-4.83	-4.87	-4.91	-4.78	-4.65	-4.52	-4.39	-4.26	-4.13	-4	-3.87	-3.74	-3.61	-3.48	-3.35	-3.22	-3.09	-2.96	-2.83	-2.7	-2.57	-2.43	-2.3	-2.17	-2.04	-1.91	-1.91	-1.91	-1.91	-1.91	-1.91	-1.91	-1.91	-1.91	-1.91	-1.91	-1.91	-1.91	-1.91	-1.91	-1.91	-1.91	-1.91	-1.91	-1.91	-1.91	-1.91	-1.91	-1.91	0	0	0	0	0	0	0	0	0	0	0	-4	-4	-4	-4	-4	-4	-4	-4	-4	-4	-4	-4	-3.67	-3.51	-3.35	-3.19	-3.03	-2.87	-2.71	-2.56	-2.4	-2.24	-2.08	-1.92	-1.76	-1.6	-1.44	-1.29	-1.13	-0.97	-0.81	-0.65	-0.49	-0.33	-0.17	0	0	0	0	0	0	0	0	0	0	0	0	0	0	0	0	0	0	0	0	0	0	0	0	0	0	0	0	0	0	0	0	0	0	0	0	0	0	0
0	0	0	0	0	-2.26	-2.32	-2.37	-2.42	-2.47	-2.52	-2.57	-2.62	-2.67	-2.72	-2.78	-2.83	-2.88	-2.93	-2.98	-3.03	-3.08	-3.13	-3.18	-3.23	-3.29	-3.34	-3.39	-3.44	-3.49	-3.54	-3.59	-3.64	-3.69	-3.74	-3.8	-3.85	-3.9	-3.95	-4	-4	-4	-4	-4	-4	-4	-4	-4	-4	-4	-4	-4	-4	-4	-4	-4	-4	-4	-4	-4	-4	-4	-4	-4.04	-4.08	-4.12	-4.17	-4.21	-4.25	-4.29	-4.33	-4.37	-4.42	-4.46	-4.5	-4.54	-4.58	-4.62	-4.67	-4.71	-4.75	-4.79	-4.83	-4.87	-4.91	-4.96	-4.83	-4.7	-4.57	-4.43	-4.3	-4.17	-4.04	-3.91	-3.78	-3.65	-3.52	-3.39	-3.26	-3.13	-3	-2.87	-2.74	-2.61	-2.48	-2.35	-2.22	-2.09	-1.96	-1.96	-1.96	-1.96	-1.96	-1.96	-1.96	-1.96	-1.96	-1.96	-1.96	-1.96	-1.96	-1.96	-1.96	-1.96	-1.96	-1.96	-1.96	-1.96	-1.96	-1.96	-1.96	-1.96	0	0	0	0	0	0	0	0	0	0	0	-4	-4	-4	-4	-4	-4	-4	-4	-4	-4	-4	-4	-3.75	-3.58	-3.41	-3.25	-3.08	-2.91	-2.75	-2.58	-2.42	-2.25	-2.08	-1.92	-1.75	-1.58	-1.42	-1.25	-1.09	-0.92	-0.75	-0.59	-0.42	-0.25	-0.09	0	0	0	0	0	0	0	0	0	0	0	0	0	0	0	0	0	0	0	0	0	0	0	0	0	0	0	0	0	0	0	0	0	0	0	0	0	0	0
0	0	0	0	0	-2.52	-2.57	-2.61	-2.65	-2.7	-2.74	-2.78	-2.83	-2.87	-2.91	-2.96	-3	-3.04	-3.09	-3.13	-3.17	-3.22	-3.26	-3.3	-3.35	-3.39	-3.43	-3.48	-3.52	-3.57	-3.61	-3.65	-3.7	-3.74	-3.78	-3.83	-3.87	-3.91	-3.96	-4	-4	-4	-4	-4	-4	-4	-4	-4	-4	-4	-4	-4	-4	-4	-4	-4	-4	-4	-4	-4	-4	-4	-4	-4.04	-4.09	-4.13	-4.17	-4.22	-4.26	-4.3	-4.35	-4.39	-4.43	-4.48	-4.52	-4.57	-4.61	-4.65	-4.7	-4.74	-4.78	-4.83	-4.87	-4.91	-4.96	-5	-4.87	-4.74	-4.61	-4.48	-4.35	-4.22	-4.09	-3.96	-3.83	-3.7	-3.57	-3.43	-3.3	-3.17	-3.04	-2.91	-2.78	-2.65	-2.52	-2.39	-2.26	-2.13	-2	-2	-2	-2	-2	-2	-2	-2	-2	-2	-2	-2	-2	-2	-2	-2	-2	-2	-2	-2	-2	-2	-2	-2	-4	-4	-4	-4	-4	-4	-4	-4	-4	-4	-4	-4	-4	-4	-4	-4	-4	-4	-4	-4	-4	-4	-4	-3.83	-3.65	-3.48	-3.3	-3.13	-2.96	-2.78	-2.61	-2.43	-2.26	-2.09	-1.91	-1.74	-1.57	-1.39	-1.22	-1.04	-0.87	-0.7	-0.52	-0.35	-0.17	0	0	0	0	0	0	0	0	0	0	0	0	0	0	0	0	0	0	0	0	0	0	0	0	0	0	0	0	0	0	0	0	0	0	0	0	0	0	0	0
0	0	0	0	0	-2.57	-2.61	-2.65	-2.7	-2.74	-2.78	-2.83	-2.87	-2.91	-2.96	-3	-3.04	-3.09	-3.13	-3.17	-3.22	-3.26	-3.3	-3.35	-3.39	-3.43	-3.48	-3.52	-3.57	-3.61	-3.65	-3.7	-3.74	-3.78	-3.83	-3.87	-3.91	-3.96	-4	-4.04	-4.04	-4.04	-4.04	-4.04	-4.04	-4.04	-4.04	-4.04	-4.04	-4.04	-4.04	-4.04	-4.04	-4.04	-4.04	-4.04	-4.04	-4.04	-4.04	-4.04	-4.04	-4.04	-4.04	-4.09	-4.13	-4.17	-4.22	-4.26	-4.3	-4.35	-4.39	-4.43	-4.48	-4.52	-4.57	-4.61	-4.65	-4.7	-4.74	-4.78	-4.83	-4.87	-4.91	-4.96	-5	-5.04	-4.92	-4.79	-4.66	-4.54	-4.41	-4.28	-4.16	-4.03	-3.9	-3.78	-3.65	-3.52	-3.4	-3.27	-3.14	-3.02	-2.89	-2.76	-2.64	-2.51	-2.38	-2.26	-2.13	-2.13	-2.13	-2.14	-2.14	-2.14	-2.14	-2.14	-2.15	-2.15	-2.15	-2.15	-2.15	-2.16	-2.16	-2.16	-2.16	-2.16	-2.16	-2.17	-2.17	-2.17	-2.17	-2.17	-4.09	-4.08	-4.08	-4.08	-4.08	-4.08	-4.07	-4.07	-4.07	-4.07	-4.07	-4.06	-4.06	-4.06	-4.06	-4.06	-4.05	-4.05	-4.05	-4.05	-4.05	-4.05	-4.04	-3.88	-3.71	-3.54	-3.37	-3.2	-3.03	-2.87	-2.7	-2.53	-2.36	-2.19	-2.02	-1.86	-1.69	-1.52	-1.35	-1.18	-1.02	-0.85	-0.68	-0.51	-0.34	-0.17	-0.17	-0.17	-0.17	-0.17	-0.17	-0.17	-0.17	-0.17	-0.17	-0.17	-0.17	-0.17	-0.17	-0.17	-0.17	-0.17	-0.17	-0.17	-0.17	-0.17	-0.17	-0.17	-0.17	-0.17	-0.17	-0.17	-0.17	-0.17	-0.17	-0.17	-0.17	-0.17	-0.17	-0.17	0	0	0	0	0
0	0	0	0	0	-2.61	-2.65	-2.7	-2.74	-2.78	-2.83	-2.87	-2.91	-2.96	-3	-3.04	-3.09	-3.13	-3.17	-3.22	-3.26	-3.3	-3.35	-3.39	-3.43	-3.48	-3.52	-3.57	-3.61	-3.65	-3.7	-3.74	-3.78	-3.83	-3.87	-3.91	-3.96	-4	-4.04	-4.09	-4.09	-4.09	-4.09	-4.09	-4.09	-4.09	-4.09	-4.09	-4.09	-4.09	-4.09	-4.09	-4.09	-4.09	-4.09	-4.09	-4.09	-4.09	-4.09	-4.09	-4.09	-4.09	-4.09	-4.13	-4.17	-4.22	-4.26	-4.3	-4.35	-4.39	-4.43	-4.48	-4.52	-4.57	-4.61	-4.65	-4.7	-4.74	-4.78	-4.83	-4.87	-4.91	-4.96	-5	-5.04	-5.09	-4.96	-4.84	-4.72	-4.6	-4.47	-4.35	-4.23	-4.1	-3.98	-3.86	-3.74	-3.61	-3.49	-3.37	-3.24	-3.12	-3	-2.88	-2.75	-2.63	-2.51	-2.38	-2.26	-2.26	-2.27	-2.27	-2.28	-2.28	-2.28	-2.29	-2.29	-2.29	-2.3	-2.3	-2.31	-2.31	-2.31	-2.32	-2.32	-2.33	-2.33	-2.33	-2.34	-2.34	-2.34	-2.35	-4.17	-4.17	-4.16	-4.16	-4.16	-4.15	-4.15	-4.14	-4.14	-4.14	-4.13	-4.13	-4.12	-4.12	-4.12	-4.11	-4.11	-4.11	-4.1	-4.1	-4.09	-4.09	-4.09	-3.92	-3.76	-3.6	-3.44	-3.27	-3.11	-2.95	-2.79	-2.62	-2.46	-2.3	-2.14	-1.97	-1.81	-1.65	-1.49	-1.32	-1.16	-1	-0.84	-0.67	-0.51	-0.35	-0.35	-0.35	-0.35	-0.35	-0.35	-0.35	-0.35	-0.35	-0.35	-0.35	-0.35	-0.35	-0.35	-0.35	-0.35	-0.35	-0.35	-0.35	-0.35	-0.35	-0.35	-0.35	-0.35	-0.35	-0.35	-0.35	-0.35	-0.35	-0.35	-0.35	-0.35	-0.35	-0.35	-0.35	0	0	0	0	0
0	0	0	0	0	-2.65	-2.7	-2.74	-2.78	-2.83	-2.87	-2.91	-2.96	-3	-3.04	-3.09	-3.13	-3.17	-3.22	-3.26	-3.3	-3.35	-3.39	-3.43	-3.48	-3.52	-3.57	-3.61	-3.65	-3.7	-3.74	-3.78	-3.83	-3.87	-3.91	-3.96	-4	-4.04	-4.09	-4.13	-4.13	-4.13	-4.13	-4.13	-4.13	-4.13	-4.13	-4.13	-4.13	-4.13	-4.13	-4.13	-4.13	-4.13	-4.13	-4.13	-4.13	-4.13	-4.13	-4.13	-4.13	-4.13	-4.13	-4.17	-4.22	-4.26	-4.3	-4.35	-4.39	-4.43	-4.48	-4.52	-4.57	-4.61	-4.65	-4.7	-4.74	-4.78	-4.83	-4.87	-4.91	-4.96	-5	-5.04	-5.09	-5.13	-5.01	-4.89	-4.77	-4.65	-4.53	-4.42	-4.3	-4.18	-4.06	-3.94	-3.82	-3.7	-3.58	-3.46	-3.34	-3.22	-3.11	-2.99	-2.87	-2.75	-2.63	-2.51	-2.39	-2.4	-2.4	-2.41	-2.41	-2.42	-2.43	-2.43	-2.44	-2.44	-2.45	-2.45	-2.46	-2.47	-2.47	-2.48	-2.48	-2.49	-2.49	-2.5	-2.5	-2.51	-2.52	-2.52	-4.26	-4.25	-4.24	-4.24	-4.23	-4.23	-4.22	-4.22	-4.21	-4.2	-4.2	-4.19	-4.19	-4.18	-4.18	-4.17	-4.16	-4.16	-4.15	-4.15	-4.14	-4.14	-4.13	-3.97	-3.82	-3.66	-3.5	-3.35	-3.19	-3.03	-2.88	-2.72	-2.56	-2.4	-2.25	-2.09	-1.93	-1.78	-1.62	-1.46	-1.31	-1.15	-0.99	-0.84	-0.68	-0.52	-0.52	-0.52	-0.52	-0.52	-0.52	-0.52	-0.52	-0.52	-0.52	-0.52	-0.52	-0.52	-0.52	-0.52	-0.52	-0.52	-0.52	-0.52	-0.52	-0.52	-0.52	-0.52	-0.52	-0.52	-0.52	-0.52	-0.52	-0.52	-0.52	-0.52	-0.52	-0.52	-0.52	-0.52	0	0	0	0	0
0	0	0	0	0	-2.7	-2.74	-2.78	-2.83	-2.87	-2.91	-2.96	-3	-3.04	-3.09	-3.13	-3.17	-3.22	-3.26	-3.3	-3.35	-3.39	-3.43	-3.48	-3.52	-3.57	-3.61	-3.65	-3.7	-3.74	-3.78	-3.83	-3.87	-3.91	-3.96	-4	-4.04	-4.09	-4.13	-4.17	-4.17	-4.17	-4.17	-4.17	-4.17	-4.17	-4.17	-4.17	-4.17	-4.17	-4.17	-4.17	-4.17	-4.17	-4.17	-4.17	-4.17	-4.17	-4.17	-4.17	-4.17	-4.17	-4.17	-4.22	-4.26	-4.3	-4.35	-4.39	-4.43	-4.48	-4.52	-4.57	-4.61	-4.65	-4.7	-4.74	-4.78	-4.83	-4.87	-4.91	-4.96	-5	-5.04	-5.09	-5.13	-5.17	-5.06	-4.94	-4.83	-4.71	-4.6	-4.48	-4.37	-4.25	-4.14	-4.02	-3.91	-3.79	-3.67	-3.56	-3.44	-3.33	-3.21	-3.1	-2.98	-2.87	-2.75	-2.64	-2.52	-2.53	-2.54	-2.54	-2.55	-2.56	-2.57	-2.57	-2.58	-2.59	-2.6	-2.6	-2.61	-2.62	-2.63	-2.64	-2.64	-2.65	-2.66	-2.67	-2.67	-2.68	-2.69	-2.7	-4.34	-4.33	-4.33	-4.32	-4.31	-4.3	-4.29	-4.29	-4.28	-4.27	-4.26	-4.26	-4.25	-4.24	-4.23	-4.23	-4.22	-4.21	-4.2	-4.2	-4.19	-4.18	-4.17	-4.02	-3.87	-3.72	-3.57	-3.42	-3.27	-3.12	-2.96	-2.81	-2.66	-2.51	-2.36	-2.21	-2.06	-1.91	-1.75	-1.6	-1.45	-1.3	-1.15	-1	-0.85	-0.7	-0.7	-0.7	-0.7	-0.7	-0.7	-0.7	-0.7	-0.7	-0.7	-0.7	-0.7	-0.7	-0.7	-0.7	-0.7	-0.7	-0.7	-0.7	-0.7	-0.7	-0.7	-0.7	-0.7	-0.7	-0.7	-0.7	-0.7	-0.7	-0.7	-0.7	-0.7	-0.7	-0.7	-0.7	0	0	0	0	0
