0	0	0	0	0	0	0	0	0	0	0	0	0	0	0	0	0	0	0	0	0	0	0	0	0	0	0	0	0	0	0	0	0	0	0	0	0	0	0	0	0	0	0	0	0	0	0	0	0	0	0	0	0	0	0	0	0	0	0	0	0	0	0	0	0	0	0	0	0	0	0	0	0	0	0	0	0	0	0	0	0	0	0	0	0	0	0	0	0	0	0	0	0	0	0	0	0	0	0	0	0	0	0	0	0	0	0	0	0	0	0	0	0	0	0	0	0	0	0	0	0	0	0	0	0	0	0	0	0	0	0	0	0	0	0	0	0	0	0	0	0	0	0	0	0	0	0	0	0	0	0	0	0	0	0	0	0	0	0	0	0	0	0	0	0	0	0	0	0	0	0	0	0	0	0	0	0	0	0	0	0	0	0	0	0	0	0	0	0	0	0	0	0	0	0	0	0	0	0	0	0	0	0	0	0	0	0	0	0	0	0	0	0	0	0	0	0
0	0	0	0	0	0	0	0	0	0	0	0	0	0	0	0	0	0	0	0	0	0	0	0	0	0	0	0	0	0	0	0	0	0	0	0	0	0	0	0	0	0	0	0	0	0	0	0	0	0	0	0	0	0	0	0	0	0	0	0	0	0	0	0	0	0	0	0	0	0	0	0	0	0	0	0	0	0	0	0	0	0	0	0	0	0	0	0	0	0	0	0	0	0	0	0	0	0	0	0	0	0	0	0	0	0	0	0	0	0	0	0	0	0	0	0	0	0	0	0	0	0	0	0	0	0	0	0	0	0	0	0	0	0	0	0	0	0	0	0	0	0	0	0	0	0	0	0	0	0	0	0	0	0	0	0	0	0	0	0	0	0	0	0	0	0	0	0	0	0	0	0	0	0	0	0	0	0	0	0	0	0	0	0	0	0	0	0	0	0	0	0	0	0	0	0	0	0	0	0	0	0	0	0	0	0	0	0	0	0	0	0	0	0	0	0	0
0	0	0	0	0	0	0	0	0	0	0	0	0	0	0	0	0	0	0	0	0	0	0	0	0	0	0	0	0	0	0	0	0	0	0	0	0	0	0	0	0	0	0	0	0	0	0	0	0	0	0	0	0	0	0	0	0	0	0	0	0	0	0	0	0	0	0	0	0	0	0	0	0	0	0	0	0	0	0	0	0	0	0	0	0	0	0	0	0	0	0	0	0	0	0	0	0	0	0	0	0	0	0	0	0	0	0	0	0	0	0	0	0	0	0	0	0	0	0	0	0	0	0	0	0	0	0	0	0	0	0	0	0	0	0	0	0	0	0	0	0	0	0	0	0	0	0	0	0	0	0	0	0	0	0	0	0	0	0	0	0	0	0	0	0	0	0	0	0	0	0	0	0	0	0	0	0	0	0	0	0	0	0	0	0	0	0	0	0	0	0	0	0	0	0	0	0	0	0	0	0	0	0	0	0	0	0	0	0	0	0	0	0	0	0	0	0
0	0	0	0	0	0	0	0	0	0	0	0	0	0	0	0	0	0	0	0	0	0	0	0	0	0	0	0	0	0	0	0	0	0	0	0	0	0	0	0	0	0	0	0	0	0	0	0	0	0	0	0	0	0	0	0	0	0	0	0	0	0	0	0	0	0	0	0	0	0	0	0	0	0	0	0	0	0	0	0	0	0	0	0	0	0	0	0	0	0	0	0	0	0	0	0	0	0	0	0	0	0	0	0	0	0	0	0	0	0	0	0	0	0	0	0	0	0	0	0	0	0	0	0	0	0	0	0	0	0	0	0	0	0	0	0	0	0	0	0	0	0	0	0	0	0	0	0	0	0	0	0	0	0	0	0	0	0	0	0	0	0	0	0	0	0	0	0	0	0	0	0	0	0	0	0	0	0	0	0	0	0	0	0	0	0	0	0	0	0	0	0	0	0	0	0	0	0	0	0	0	0	0	0	0	0	0	0	0	0	0	0	0	0	0	0	0
0	0	0	0	0	0	0	0	0	0	0	0	0	0	0	0	0	0	0	0	0	0	0	0	0	0	0	0	0	0	0	0	0	0	0	0	0	0	0	0	0	0	0	0	0	0	0	0	0	0	0	0	0	0	0	0	0	0	0	0	0	0	0	0	0	0	0	0	0	0	0	0	0	0	0	0	0	0	0	0	0	0	0	0	0	0	0	0	0	0	0	0	0	0	0	0	0	0	0	0	0	0	0	0	0	0	0	0	0	0	0	0	0	0	0	0	0	0	0	0	0	0	0	0	0	0	0	0	0	0	0	0	0	0	0	0	0	0	0	0	0	0	0	0	0	0	0	0	0	0	0	0	0	0	0	0	0	0	0	0	0	0	0	0	0	0	0	0	0	0	0	0	0	0	0	0	0	0	0	0	0	0	0	0	0	0	0	0	0	0	0	0	0	0	0	0	0	0	0	0	0	0	0	0	0	0	0	0	0	0	0	0	0	0	0	0	0
0	0	0	0	0	-18.91	-18.87	-18.83	-18.78	-18.74	-18.7	-18.65	-18.61	-18.57	-18.52	-18.48	-18.43	-18.39	-18.35	-18.3	-18.26	-18.22	-18.17	-18.13	-18.09	-18.04	-18	-17.96	-17.91	-17.87	-17.83	-17.78	-17.74	-17.7	-17.65	-17.61	-17.57	-17.52	-17.48	-17.43	-17.39	-17.35	-17.3	-17.26	-17.22	-17.17	-17.13	-17.09	-17.04	-17	-16.96	-16.91	-16.87	-16.83	-16.78	-16.74	-16.7	-16.65	-16.61	-16.57	-16.52	-16.48	-16.43	-16.33	-16.22	-16.11	-16	-15.9	-15.79	-15.68	-15.57	-15.47	-15.36	-15.25	-15.14	-15.03	-14.93	-14.82	-14.71	-14.6	-14.5	-14.39	-14.28	-14.17	-14.06	-13.96	-13.93	-13.91	-13.89	-13.87	-13.84	-13.82	-13.8	-13.78	-13.75	-13.73	-13.71	-13.68	-13.66	-13.64	-13.62	-13.59	-13.57	-13.55	-13.53	-13.5	-13.48	-13.46	-13.43	-13.33	-13.22	-13.11	-13	-12.9	-12.79	-12.68	-12.57	-12.47	-12.36	-12.25	-12.14	-12.03	-11.93	-11.82	-11.71	-11.6	-11.5	-11.39	-11.28	-11.17	-11.06	-10.96	-10.85	-10.74	-10.63	-10.53	-10.42	-10.31	-10.2	-10.09	-9.99	-9.88	-9.77	-9.66	-9.56	-9.45	-9.34	-9.23	-9.12	-9.02	-8.91	-8.8	-8.69	-8.59	-8.48	-8.46	-8.43	-8.41	-8.39	-8.36	-8.34	-8.32	-8.3	-8.27	-8.25	-8.23	-8.21	-8.18	-8.16	-8.14	-8.12	-8.09	-8.07	-8.05	-8.02	-8	-7.98	-7.96	-7.85	-7.74	-7.63	-7.53	-7.42	-7.31	-7.2	-7.09	-6.99	-6.88	-6.77	-6.66	-6.56	-6.45	-6.34	-6.23	-6.12	-6.02	-5.91	-5.8	-5.69	-5.59	-5.48	-5.37	-5.26	-5.16	-5.05	-4.94	-4.83	-4.72	-4.62	-4.51	-4.4	-4.29	0	0	0	0	0
0	0	0	0	0	-18.78	-18.74	-18.7	-18.65	-18.61	-18.57	-18.52	-18.48	-18.43	-18.39	-18.35	-18.3	-18.26	-18.22	-18.17	-18.13	-18.09	-18.04	-18	-17.96	-17.91	-17.87	-17.83	-17.78	-17.74	-17.7	-17.65	-17.61	-17.57	-17.52	-17.48	-17.43	-17.39	-17.35	-17.3	-17.26	-17.22	-17.17	-17.13	-17.09	-17.04	-17	-16.96	-16.91	-16.87	-16.83	-16.78	-16.74	-16.7	-16.65	-16.61	-16.57	-16.52	-16.48	-16.43	-16.39	-16.35	-16.3	-16.2	-16.09	-15.99	-15.88	-15.78	-15.67	-15.56	-15.46	-15.35	-15.25	-15.14	-15.03	-14.93	-14.82	-14.72	-14.61	-14.5	-14.4	-14.29	-14.19	-14.08	-13.98	-13.87	-13.84	-13.82	-13.8	-13.77	-13.75	-13.72	-13.7	-13.67	-13.65	-13.62	-13.6	-13.57	-13.55	-13.53	-13.5	-13.48	-13.45	-13.43	-13.4	-13.38	-13.35	-13.33	-13.3	-13.2	-13.09	-12.99	-12.88	-12.78	-12.67	-12.56	-12.46	-12.35	-12.25	-12.14	-12.03	-11.93	-11.82	-11.72	-11.61	-11.5	-11.4	-11.29	-11.19	-11.08	-10.98	-10.87	-10.76	-10.66	-10.55	-10.45	-10.34	-10.23	-10.13	-10.02	-9.92	-9.81	-9.71	-9.6	-9.49	-9.39	-9.28	-9.18	-9.07	-8.96	-8.86	-8.75	-8.65	-8.54	-8.43	-8.41	-8.39	-8.36	-8.34	-8.31	-8.29	-8.26	-8.24	-8.21	-8.19	-8.16	-8.14	-8.12	-8.09	-8.07	-8.04	-8.02	-7.99	-7.97	-7.94	-7.92	-7.89	-7.87	-7.76	-7.66	-7.55	-7.45	-7.34	-7.23	-7.13	-7.02	-6.92	-6.81	-6.71	-6.6	-6.49	-6.39	-6.28	-6.18	-6.07	-5.96	-5.86	-5.75	-5.65	-5.54	-5.43	-5.33	-5.22	-5.12	-5.01	-4.91	-4.8	-4.69	-4.59	-4.48	-4.38	-4.27	0	0	0	0	0
0	0	0	0	0	-18.65	-18.61	-18.57	-18.52	-18.48	-18.43	-18.39	-18.35	-18.3	-18.26	-18.22	-18.17	-18.13	-18.09	-18.04	-18	-17.96	-17.91	-17.87	-17.83	-17.78	-17.74	-17.7	-17.65	-17.61	-17.57	-17.52	-17.48	-17.43	-17.39	-17.35	-17.3	-17.26	-17.22	-17.17	-17.13	-17.09	-17.04	-17	-16.96	-16.91	-16.87	-16.83	-16.78	-16.74	-16.7	-16.65	-16.61	-16.57	-16.52	-16.48	-16.43	-16.39	-16.35	-16.3	-16.26	-16.22	-16.17	-16.07	-15.97	-15.86	-15.76	-15.65	-15.55	-15.45	-15.34	-15.24	-15.13	-15.03	-14.93	-14.82	-14.72	-14.61	-14.51	-14.41	-14.3	-14.2	-14.09	-13.99	-13.89	-13.78	-13.76	-13.73	-13.7	-13.68	-13.65	-13.62	-13.6	-13.57	-13.54	-13.52	-13.49	-13.47	-13.44	-13.41	-13.39	-13.36	-13.33	-13.31	-13.28	-13.25	-13.23	-13.2	-13.17	-13.07	-12.97	-12.86	-12.76	-12.65	-12.55	-12.45	-12.34	-12.24	-12.13	-12.03	-11.93	-11.82	-11.72	-11.61	-11.51	-11.41	-11.3	-11.2	-11.09	-10.99	-10.89	-10.78	-10.68	-10.57	-10.47	-10.37	-10.26	-10.16	-10.05	-9.95	-9.85	-9.74	-9.64	-9.53	-9.43	-9.33	-9.22	-9.12	-9.02	-8.91	-8.81	-8.7	-8.6	-8.5	-8.39	-8.36	-8.34	-8.31	-8.29	-8.26	-8.23	-8.21	-8.18	-8.15	-8.13	-8.1	-8.07	-8.05	-8.02	-7.99	-7.97	-7.94	-7.91	-7.89	-7.86	-7.84	-7.81	-7.78	-7.68	-7.57	-7.47	-7.37	-7.26	-7.16	-7.05	-6.95	-6.85	-6.74	-6.64	-6.53	-6.43	-6.33	-6.22	-6.12	-6.02	-5.91	-5.81	-5.7	-5.6	-5.5	-5.39	-5.29	-5.18	-5.08	-4.98	-4.87	-4.77	-4.66	-4.56	-4.46	-4.35	-4.25	0	0	0	0	0
0	0	0	0	0	-18.52	-18.48	-18.43	-18.39	-18.35	-18.3	-18.26	-18.22	-18.17	-18.13	-18.09	-18.04	-18	-17.96	-17.91	-17.87	-17.83	-17.78	-17.74	-17.7	-17.65	-17.61	-17.57	-17.52	-17.48	-17.43	-17.39	-17.35	-17.3	-17.26	-17.22	-17.17	-17.13	-17.09	-17.04	-17	-16.96	-16.91	-16.87	-16.83	-16.78	-16.74	-16.7	-16.65	-16.61	-16.57	-16.52	-16.48	-16.43	-16.39	-16.35	-16.3	-16.26	-16.22	-16.17	-16.13	-16.09	-16.04	-15.94	-15.84	-15.74	-15.64	-15.53	-15.43	-15.33	-15.23	-15.12	-15.02	-14.92	-14.82	-14.72	-14.61	-14.51	-14.41	-14.31	-14.21	-14.1	-14	-13.9	-13.8	-13.7	-13.67	-13.64	-13.61	-13.58	-13.55	-13.53	-13.5	-13.47	-13.44	-13.41	-13.38	-13.36	-13.33	-13.3	-13.27	-13.24	-13.21	-13.19	-13.16	-13.13	-13.1	-13.07	-13.04	-12.94	-12.84	-12.74	-12.64	-12.53	-12.43	-12.33	-12.23	-12.12	-12.02	-11.92	-11.82	-11.72	-11.61	-11.51	-11.41	-11.31	-11.21	-11.1	-11	-10.9	-10.8	-10.7	-10.59	-10.49	-10.39	-10.29	-10.19	-10.08	-9.98	-9.88	-9.78	-9.67	-9.57	-9.47	-9.37	-9.27	-9.16	-9.06	-8.96	-8.86	-8.76	-8.65	-8.55	-8.45	-8.35	-8.32	-8.29	-8.26	-8.23	-8.21	-8.18	-8.15	-8.12	-8.09	-8.06	-8.04	-8.01	-7.98	-7.95	-7.92	-7.89	-7.87	-7.84	-7.81	-7.78	-7.75	-7.72	-7.7	-7.59	-7.49	-7.39	-7.29	-7.19	-7.08	-6.98	-6.88	-6.78	-6.67	-6.57	-6.47	-6.37	-6.27	-6.16	-6.06	-5.96	-5.86	-5.76	-5.65	-5.55	-5.45	-5.35	-5.25	-5.14	-5.04	-4.94	-4.84	-4.74	-4.63	-4.53	-4.43	-4.33	-4.22	0	0	0	0	0
0	0	0	0	0	-18.39	-18.35	-18.3	-18.26	-18.22	-18.17	-18.13	-18.09	-18.04	-18	-17.96	-17.91	-17.87	-17.83	-17.78	-17.74	-17.7	-17.65	-17.61	-17.57	-17.52	-17.48	-17.43	-17.39	-17.35	-17.3	-17.26	-17.22	-17.17	-17.13	-17.09	-17.04	-17	-16.96	-16.91	-16.87	-16.83	-16.78	-16.74	-16.7	-16.65	-16.61	-16.57	-16.52	-16.48	-16.43	-16.39	-16.35	-16.3	-16.26	-16.22	-16.17	-16.13	-16.09	-16.04	-16	-15.96	-15.91	-15.81	-15.71	-15.61	-15.51	-15.41	-15.31	-15.21	-15.11	-15.01	-14.91	-14.81	-14.71	-14.61	-14.51	-14.41	-14.31	-14.21	-14.11	-14.01	-13.91	-13.81	-13.71	-13.61	-13.58	-13.55	-13.52	-13.49	-13.46	-13.43	-13.4	-13.37	-13.34	-13.31	-13.28	-13.25	-13.22	-13.19	-13.16	-13.12	-13.09	-13.06	-13.03	-13	-12.97	-12.94	-12.91	-12.81	-12.71	-12.61	-12.51	-12.41	-12.31	-12.21	-12.11	-12.01	-11.91	-11.81	-11.71	-11.61	-11.51	-11.41	-11.31	-11.21	-11.11	-11.01	-10.91	-10.81	-10.71	-10.61	-10.51	-10.41	-10.31	-10.21	-10.11	-10.01	-9.91	-9.81	-9.71	-9.61	-9.51	-9.41	-9.31	-9.21	-9.11	-9.01	-8.91	-8.81	-8.71	-8.6	-8.5	-8.4	-8.3	-8.27	-8.24	-8.21	-8.18	-8.15	-8.12	-8.09	-8.06	-8.03	-8	-7.97	-7.94	-7.91	-7.88	-7.85	-7.82	-7.79	-7.76	-7.73	-7.7	-7.67	-7.64	-7.61	-7.51	-7.41	-7.31	-7.21	-7.11	-7.01	-6.91	-6.81	-6.71	-6.61	-6.51	-6.41	-6.31	-6.21	-6.11	-6.01	-5.91	-5.81	-5.71	-5.6	-5.5	-5.4	-5.3	-5.2	-5.1	-5	-4.9	-4.8	-4.7	-4.6	-4.5	-4.4	-4.3	-4.2	0	0	0	0	0
0	0	0	0	0	-18.26	-18.22	-18.17	-18.13	-18.09	-18.04	-18	-17.96	-17.91	-17.87	-17.83	-17.78	-17.74	-17.7	-17.65	-17.61	-17.57	-17.52	-17.48	-17.43	-17.39	-17.35	-17.3	-17.26	-17.22	-17.17	-17.13	-17.09	-17.04	-17	-16.96	-16.91	-16.87	-16.83	-16.78	-16.74	-16.7	-16.65	-16.61	-16.57	-16.52	-16.48	-16.43	-16.39	-16.35	-16.3	-16.26	-16.22	-16.17	-16.13	-16.09	-16.04	-16	-15.96	-15.91	-15.87	-15.83	-15.78	-15.68	-15.59	-15.49	-15.39	-15.29	-15.19	-15.09	-15	-14.9	-14.8	-14.7	-14.6	-14.5	-14.41	-14.31	-14.21	-14.11	-14.01	-13.91	-13.82	-13.72	-13.62	-13.52	-13.49	-13.46	-13.43	-13.39	-13.36	-13.33	-13.3	-13.26	-13.23	-13.2	-13.17	-13.14	-13.1	-13.07	-13.04	-13.01	-12.98	-12.94	-12.91	-12.88	-12.85	-12.81	-12.78	-12.68	-12.59	-12.49	-12.39	-12.29	-12.19	-12.09	-12	-11.9	-11.8	-11.7	-11.6	-11.5	-11.41	-11.31	-11.21	-11.11	-11.01	-10.91	-10.82	-10.72	-10.62	-10.52	-10.42	-10.33	-10.23	-10.13	-10.03	-9.93	-9.83	-9.74	-9.64	-9.54	-9.44	-9.34	-9.24	-9.15	-9.05	-8.95	-8.85	-8.75	-8.65	-8.56	-8.46	-8.36	-8.26	-8.23	-8.2	-8.16	-8.13	-8.1	-8.07	-8.04	-8	-7.97	-7.94	-7.91	-7.88	-7.84	-7.81	-7.78	-7.75	-7.71	-7.68	-7.65	-7.62	-7.59	-7.55	-7.52	-7.42	-7.33	-7.23	-7.13	-7.03	-6.93	-6.83	-6.74	-6.64	-6.54	-6.44	-6.34	-6.24	-6.15	-6.05	-5.95	-5.85	-5.75	-5.65	-5.56	-5.46	-5.36	-5.26	-5.16	-5.06	-4.97	-4.87	-4.77	-4.67	-4.57	-4.47	-4.38	-4.28	-4.18	0	0	0	0	0
0	0	0	0	0	-18.13	-18.09	-18.04	-18	-17.96	-17.91	-17.87	-17.83	-17.78	-17.74	-17.7	-17.65	-17.61	-17.57	-17.52	-17.48	-17.43	-17.39	-17.35	-17.3	-17.26	-17.22	-17.17	-17.13	-17.09	-17.04	-17	-16.96	-16.91	-16.87	-16.83	-16.78	-16.74	-16.7	-16.65	-16.61	-16.57	-16.52	-16.48	-16.43	-16.39	-16.35	-16.3	-16.26	-16.22	-16.17	-16.13	-16.09	-16.04	-16	-15.96	-15.91	-15.87	-15.83	-15.78	-15.74	-15.7	-15.65	-15.56	-15.46	-15.36	-15.27	-15.17	-15.07	-14.98	-14.88	-14.78	-14.69	-14.59	-14.5	-14.4	-14.3	-14.21	-14.11	-14.01	-13.92	-13.82	-13.72	-13.63	-13.53	-13.43	-13.4	-13.37	-13.33	-13.3	-13.26	-13.23	-13.2	-13.16	-13.13	-13.09	-13.06	-13.03	-12.99	-12.96	-12.92	-12.89	-12.86	-12.82	-12.79	-12.75	-12.72	-12.69	-12.65	-12.56	-12.46	-12.36	-12.27	-12.17	-12.07	-11.98	-11.88	-11.78	-11.69	-11.59	-11.5	-11.4	-11.3	-11.21	-11.11	-11.01	-10.92	-10.82	-10.72	-10.63	-10.53	-10.43	-10.34	-10.24	-10.15	-10.05	-9.95	-9.86	-9.76	-9.66	-9.57	-9.47	-9.37	-9.28	-9.18	-9.09	-8.99	-8.89	-8.8	-8.7	-8.6	-8.51	-8.41	-8.31	-8.22	-8.18	-8.15	-8.12	-8.08	-8.05	-8.01	-7.98	-7.95	-7.91	-7.88	-7.84	-7.81	-7.78	-7.74	-7.71	-7.67	-7.64	-7.6	-7.57	-7.54	-7.5	-7.47	-7.43	-7.34	-7.24	-7.15	-7.05	-6.95	-6.86	-6.76	-6.66	-6.57	-6.47	-6.37	-6.28	-6.18	-6.09	-5.99	-5.89	-5.8	-5.7	-5.6	-5.51	-5.41	-5.31	-5.22	-5.12	-5.02	-4.93	-4.83	-4.74	-4.64	-4.54	-4.45	-4.35	-4.25	-4.16	0	0	0	0	0
0	0	0	0	0	-18	-17.96	-17.91	-17.87	-17.83	-17.78	-17.74	-17.7	-17.65	-17.61	-17.57	-17.52	-17.48	-17.43	-17.39	-17.35	-17.3	-17.26	-17.22	-17.17	-17.13	-17.09	-17.04	-17	-16.96	-16.91	-16.87	-16.83	-16.78	-16.74	-16.7	-16.65	-16.61	-16.57	-16.52	-16.48	-16.43	-16.39	-16.35	-16.3	-16.26	-16.22	-16.17	-16.13	-16.09	-16.04	-16	-15.96	-15.91	-15.87	-15.83	-15.78	-15.74	-15.7	-15.65	-15.61	-15.57	-15.52	-15.43	-15.33	-15.24	-15.14	-15.05	-14.95	-14.86	-14.77	-14.67	-14.58	-14.48	-14.39	-14.29	-14.2	-14.1	-14.01	-13.91	-13.82	-13.73	-13.63	-13.54	-13.44	-13.35	-13.31	-13.28	-13.24	-13.2	-13.17	-13.13	-13.1	-13.06	-13.02	-12.99	-12.95	-12.92	-12.88	-12.84	-12.81	-12.77	-12.74	-12.7	-12.67	-12.63	-12.59	-12.56	-12.52	-12.43	-12.33	-12.24	-12.14	-12.05	-11.95	-11.86	-11.77	-11.67	-11.58	-11.48	-11.39	-11.29	-11.2	-11.1	-11.01	-10.91	-10.82	-10.73	-10.63	-10.54	-10.44	-10.35	-10.25	-10.16	-10.06	-9.97	-9.88	-9.78	-9.69	-9.59	-9.5	-9.4	-9.31	-9.21	-9.12	-9.02	-8.93	-8.84	-8.74	-8.65	-8.55	-8.46	-8.36	-8.27	-8.17	-8.14	-8.1	-8.07	-8.03	-7.99	-7.96	-7.92	-7.89	-7.85	-7.81	-7.78	-7.74	-7.71	-7.67	-7.64	-7.6	-7.56	-7.53	-7.49	-7.46	-7.42	-7.38	-7.35	-7.25	-7.16	-7.06	-6.97	-6.88	-6.78	-6.69	-6.59	-6.5	-6.4	-6.31	-6.21	-6.12	-6.02	-5.93	-5.84	-5.74	-5.65	-5.55	-5.46	-5.36	-5.27	-5.17	-5.08	-4.98	-4.89	-4.8	-4.7	-4.61	-4.51	-4.42	-4.32	-4.23	-4.13	0	0	0	0	0
0	0	0	0	0	-17.87	-17.83	-17.78	-17.74	-17.7	-17.65	-17.61	-17.57	-17.52	-17.48	-17.43	-17.39	-17.35	-17.3	-17.26	-17.22	-17.17	-17.13	-17.09	-17.04	-17	-16.96	-16.91	-16.87	-16.83	-16.78	-16.74	-16.7	-16.65	-16.61	-16.57	-16.52	-16.48	-16.43	-16.39	-16.35	-16.3	-16.26	-16.22	-16.17	-16.13	-16.09	-16.04	-16	-15.96	-15.91	-15.87	-15.83	-15.78	-15.74	-15.7	-15.65	-15.61	-15.57	-15.52	-15.48	-15.43	-15.39	-15.3	-15.21	-15.11	-15.02	-14.93	-14.84	-14.74	-14.65	-14.56	-14.47	-14.37	-14.28	-14.19	-14.09	-14	-13.91	-13.82	-13.72	-13.63	-13.54	-13.45	-13.35	-13.26	-13.22	-13.19	-13.15	-13.11	-13.07	-13.03	-13	-12.96	-12.92	-12.88	-12.84	-12.81	-12.77	-12.73	-12.69	-12.66	-12.62	-12.58	-12.54	-12.5	-12.47	-12.43	-12.39	-12.3	-12.21	-12.11	-12.02	-11.93	-11.84	-11.74	-11.65	-11.56	-11.47	-11.37	-11.28	-11.19	-11.09	-11	-10.91	-10.82	-10.72	-10.63	-10.54	-10.45	-10.35	-10.26	-10.17	-10.08	-9.98	-9.89	-9.8	-9.71	-9.61	-9.52	-9.43	-9.33	-9.24	-9.15	-9.06	-8.96	-8.87	-8.78	-8.69	-8.59	-8.5	-8.41	-8.32	-8.22	-8.13	-8.09	-8.05	-8.02	-7.98	-7.94	-7.9	-7.87	-7.83	-7.79	-7.75	-7.71	-7.68	-7.64	-7.6	-7.56	-7.53	-7.49	-7.45	-7.41	-7.37	-7.34	-7.3	-7.26	-7.17	-7.08	-6.98	-6.89	-6.8	-6.71	-6.61	-6.52	-6.43	-6.33	-6.24	-6.15	-6.06	-5.96	-5.87	-5.78	-5.69	-5.59	-5.5	-5.41	-5.32	-5.22	-5.13	-5.04	-4.95	-4.85	-4.76	-4.67	-4.57	-4.48	-4.39	-4.3	-4.2	-4.11	0	0	0	0	0
0	0	0	0	0	-17.74	-17.7	-17.65	-17.61	-17.57	-17.52	-17.48	-17.43	-17.39	-17.35	-17.3	-17.26	-17.22	-17.17	-17.13	-17.09	-17.04	-17	-16.96	-16.91	-16.87	-16.83	-16.78	-16.74	-16.7	-16.65	-16.61	-16.57	-16.52	-16.48	-16.43	-16.39	-16.35	-16.3	-16.26	-16.22	-16.17	-16.13	-16.09	-16.04	-16	-15.96	-15.91	-15.87	-15.83	-15.78	-15.74	-15.7	-15.65	-15.61	-15.57	-15.52	-15.48	-15.43	-15.39	-15.35	-15.3	-15.26	-15.17	-15.08	-14.99	-14.9	-14.81	-14.72	-14.63	-14.53	-14.44	-14.35	-14.26	-14.17	-14.08	-13.99	-13.9	-13.81	-13.72	-13.63	-13.54	-13.45	-13.36	-13.26	-13.17	-13.13	-13.09	-13.05	-13.02	-12.98	-12.94	-12.9	-12.86	-12.82	-12.78	-12.74	-12.7	-12.66	-12.62	-12.58	-12.54	-12.5	-12.46	-12.42	-12.38	-12.34	-12.3	-12.26	-12.17	-12.08	-11.99	-11.9	-11.81	-11.72	-11.63	-11.53	-11.44	-11.35	-11.26	-11.17	-11.08	-10.99	-10.9	-10.81	-10.72	-10.63	-10.54	-10.45	-10.36	-10.26	-10.17	-10.08	-9.99	-9.9	-9.81	-9.72	-9.63	-9.54	-9.45	-9.36	-9.27	-9.18	-9.09	-8.99	-8.9	-8.81	-8.72	-8.63	-8.54	-8.45	-8.36	-8.27	-8.18	-8.09	-8.05	-8.01	-7.97	-7.93	-7.89	-7.85	-7.81	-7.77	-7.73	-7.69	-7.65	-7.61	-7.57	-7.53	-7.49	-7.45	-7.41	-7.37	-7.33	-7.29	-7.25	-7.21	-7.17	-7.08	-6.99	-6.9	-6.81	-6.72	-6.63	-6.54	-6.45	-6.36	-6.27	-6.18	-6.09	-5.99	-5.9	-5.81	-5.72	-5.63	-5.54	-5.45	-5.36	-5.27	-5.18	-5.09	-5	-4.91	-4.81	-4.72	-4.63	-4.54	-4.45	-4.36	-4.27	-4.18	-4.09	0	0	0	0	0
0	0	0	0	0	-17.61	-17.57	-17.52	-17.48	-17.43	-17.39	-17.35	-17.3	-17.26	-17.22	-17.17	-17.13	-17.09	-17.04	-17	-16.96	-16.91	-16.87	-16.83	-16.78	-16.74	-16.7	-16.65	-16.61	-16.57	-16.52	-16.48	-16.43	-16.39	-16.35	-16.3	-16.26	-16.22	-16.17	-16.13	-16.09	-16.04	-16	-15.96	-15.91	-15.87	-15.83	-15.78	-15.74	-15.7	-15.65	-15.61	-15.57	-15.52	-15.48	-15.43	-15.39	-15.35	-15.3	-15.26	-15.22	-15.17	-15.13	-15.04	-14.95	-14.86	-14.78	-14.69	-14.6	-14.51	-14.42	-14.33	-14.24	-14.15	-14.06	-13.98	-13.89	-13.8	-13.71	-13.62	-13.53	-13.44	-13.35	-13.26	-13.18	-13.09	-13.05	-13	-12.96	-12.92	-12.88	-12.84	-12.8	-12.75	-12.71	-12.67	-12.63	-12.59	-12.55	-12.5	-12.46	-12.42	-12.38	-12.34	-12.3	-12.26	-12.21	-12.17	-12.13	-12.04	-11.95	-11.86	-11.78	-11.69	-11.6	-11.51	-11.42	-11.33	-11.24	-11.15	-11.06	-10.98	-10.89	-10.8	-10.71	-10.62	-10.53	-10.44	-10.35	-10.26	-10.18	-10.09	-10	-9.91	-9.82	-9.73	-9.64	-9.55	-9.47	-9.38	-9.29	-9.2	-9.11	-9.02	-8.93	-8.84	-8.75	-8.67	-8.58	-8.49	-8.4	-8.31	-8.22	-8.13	-8.04	-8	-7.96	-7.92	-7.88	-7.84	-7.79	-7.75	-7.71	-7.67	-7.63	-7.59	-7.54	-7.5	-7.46	-7.42	-7.38	-7.34	-7.29	-7.25	-7.21	-7.17	-7.13	-7.09	-7	-6.91	-6.82	-6.73	-6.64	-6.55	-6.47	-6.38	-6.29	-6.2	-6.11	-6.02	-5.93	-5.84	-5.75	-5.67	-5.58	-5.49	-5.4	-5.31	-5.22	-5.13	-5.04	-4.95	-4.87	-4.78	-4.69	-4.6	-4.51	-4.42	-4.33	-4.24	-4.16	-4.07	0	0	0	0	0
0	0	0	0	0	-17.48	-17.43	-17.39	-17.35	-17.3	-17.26	-17.22	-17.17	-17.13	-17.09	-17.04	-17	-16.96	-16.91	-16.87	-16.83	-16.78	-16.74	-16.7	-16.65	-16.61	-16.57	-16.52	-16.48	-16.43	-16.39	-16.35	-16.3	-16.26	-16.22	-16.17	-16.13	-16.09	-16.04	-16	-15.96	-15.91	-15.87	-15.83	-15.78	-15.74	-15.7	-15.65	-15.61	-15.57	-15.52	-15.48	-15.43	-15.39	-15.35	-15.3	-15.26	-15.22	-15.17	-15.13	-15.09	-15.04	-15	-14.91	-14.83	-14.74	-14.65	-14.57	-14.48	-14.39	-14.3	-14.22	-14.13	-14.04	-13.96	-13.87	-13.78	-13.7	-13.61	-13.52	-13.43	-13.35	-13.26	-13.17	-13.09	-13	-12.96	-12.91	-12.87	-12.83	-12.78	-12.74	-12.7	-12.65	-12.61	-12.57	-12.52	-12.48	-12.43	-12.39	-12.35	-12.3	-12.26	-12.22	-12.17	-12.13	-12.09	-12.04	-12	-11.91	-11.83	-11.74	-11.65	-11.57	-11.48	-11.39	-11.3	-11.22	-11.13	-11.04	-10.96	-10.87	-10.78	-10.7	-10.61	-10.52	-10.43	-10.35	-10.26	-10.17	-10.09	-10	-9.91	-9.83	-9.74	-9.65	-9.57	-9.48	-9.39	-9.3	-9.22	-9.13	-9.04	-8.96	-8.87	-8.78	-8.7	-8.61	-8.52	-8.43	-8.35	-8.26	-8.17	-8.09	-8	-7.96	-7.91	-7.87	-7.83	-7.78	-7.74	-7.7	-7.65	-7.61	-7.57	-7.52	-7.48	-7.43	-7.39	-7.35	-7.3	-7.26	-7.22	-7.17	-7.13	-7.09	-7.04	-7	-6.91	-6.83	-6.74	-6.65	-6.57	-6.48	-6.39	-6.3	-6.22	-6.13	-6.04	-5.96	-5.87	-5.78	-5.7	-5.61	-5.52	-5.43	-5.35	-5.26	-5.17	-5.09	-5	-4.91	-4.83	-4.74	-4.65	-4.57	-4.48	-4.39	-4.3	-4.22	-4.13	-4.04	0	0	0	0	0
0	0	0	0	0	-17.35	-17.3	-17.26	-17.22	-17.17	-17.13	-17.09	-17.04	-17	-16.96	-16.91	-16.87	-16.83	-16.78	-16.74	-16.7	-16.65	-16.61	-16.57	-16.52	-16.48	-16.43	-16.39	-16.35	-16.3	-16.26	-16.22	-16.17	-16.13	-16.09	-16.04	-16	-15.96	-15.91	-15.87	-15.83	-15.78	-15.74	-15.7	-15.65	-15.61	-15.57	-15.52	-15.48	-15.43	-15.39	-15.35	-15.3	-15.26	-15.22	-15.17	-15.13	-15.09	-15.04	-15	-14.96	-14.91	-14.87	-14.78	-14.7	-14.61	-14.53	-14.44	-14.36	-14.27	-14.19	-14.1	-14.02	-13.93	-13.85	-13.76	-13.68	-13.59	-13.51	-13.42	-13.34	-13.25	-13.17	-13.08	-13	-12.91	-12.87	-12.82	-12.78	-12.73	-12.69	-12.64	-12.6	-12.55	-12.5	-12.46	-12.41	-12.37	-12.32	-12.28	-12.23	-12.19	-12.14	-12.1	-12.05	-12.01	-11.96	-11.91	-11.87	-11.78	-11.7	-11.61	-11.53	-11.44	-11.36	-11.27	-11.19	-11.1	-11.02	-10.93	-10.85	-10.76	-10.68	-10.59	-10.51	-10.42	-10.34	-10.25	-10.17	-10.08	-10	-9.91	-9.83	-9.74	-9.66	-9.57	-9.49	-9.4	-9.32	-9.23	-9.15	-9.06	-8.98	-8.89	-8.81	-8.72	-8.64	-8.55	-8.47	-8.38	-8.3	-8.21	-8.13	-8.04	-7.96	-7.91	-7.87	-7.82	-7.78	-7.73	-7.68	-7.64	-7.59	-7.55	-7.5	-7.46	-7.41	-7.37	-7.32	-7.28	-7.23	-7.19	-7.14	-7.09	-7.05	-7	-6.96	-6.91	-6.83	-6.74	-6.66	-6.57	-6.49	-6.4	-6.32	-6.23	-6.15	-6.06	-5.98	-5.89	-5.81	-5.72	-5.64	-5.55	-5.47	-5.38	-5.3	-5.21	-5.13	-5.04	-4.96	-4.87	-4.79	-4.7	-4.62	-4.53	-4.45	-4.36	-4.28	-4.19	-4.11	-4.02	0	0	0	0	0
0	0	0	0	0	-17.22	-17.17	-17.13	-17.09	-17.04	-17	-16.96	-16.91	-16.87	-16.83	-16.78	-16.74	-16.7	-16.65	-16.61	-16.57	-16.52	-16.48	-16.43	-16.39	-16.35	-16.3	-16.26	-16.22	-16.17	-16.13	-16.09	-16.04	-16	-15.96	-15.91	-15.87	-15.83	-15.78	-15.74	-15.7	-15.65	-15.61	-15.57	-15.52	-15.48	-15.43	-15.39	-15.35	-15.3	-15.26	-15.22	-15.17	-15.13	-15.09	-15.04	-15	-14.96	-14.91	-14.87	-14.83	-14.78	-14.74	-14.66	-14.57	-14.49	-14.41	-14.32	-14.24	-14.16	-14.07	-13.99	-13.91	-13.82	-13.74	-13.66	-13.57	-13.49	-13.41	-13.33	-13.24	-13.16	-13.08	-12.99	-12.91	-12.83	-12.78	-12.73	-12.68	-12.64	-12.59	-12.54	-12.5	-12.45	-12.4	-12.35	-12.31	-12.26	-12.21	-12.16	-12.12	-12.07	-12.02	-11.98	-11.93	-11.88	-11.83	-11.79	-11.74	-11.66	-11.57	-11.49	-11.41	-11.32	-11.24	-11.16	-11.07	-10.99	-10.91	-10.82	-10.74	-10.66	-10.57	-10.49	-10.41	-10.33	-10.24	-10.16	-10.08	-9.99	-9.91	-9.83	-9.74	-9.66	-9.58	-9.49	-9.41	-9.33	-9.24	-9.16	-9.08	-8.99	-8.91	-8.83	-8.74	-8.66	-8.58	-8.5	-8.41	-8.33	-8.25	-8.16	-8.08	-8	-7.91	-7.87	-7.82	-7.77	-7.72	-7.68	-7.63	-7.58	-7.53	-7.49	-7.44	-7.39	-7.35	-7.3	-7.25	-7.2	-7.16	-7.11	-7.06	-7.02	-6.97	-6.92	-6.87	-6.83	-6.74	-6.66	-6.58	-6.49	-6.41	-6.33	-6.24	-6.16	-6.08	-5.99	-5.91	-5.83	-5.74	-5.66	-5.58	-5.5	-5.41	-5.33	-5.25	-5.16	-5.08	-5	-4.91	-4.83	-4.75	-4.66	-4.58	-4.5	-4.41	-4.33	-4.25	-4.16	-4.08	-4	0	0	0	0	0
0	0	0	0	0	-17.09	-17.04	-17	-16.96	-16.91	-16.87	-16.83	-16.78	-16.74	-16.7	-16.65	-16.61	-16.57	-16.52	-16.48	-16.43	-16.39	-16.35	-16.3	-16.26	-16.22	-16.17	-16.13	-16.09	-16.04	-16	-15.96	-15.91	-15.87	-15.83	-15.78	-15.74	-15.7	-15.65	-15.61	-15.57	-15.52	-15.48	-15.43	-15.39	-15.35	-15.3	-15.26	-15.22	-15.17	-15.13	-15.09	-15.04	-15	-14.96	-14.91	-14.87	-14.83	-14.78	-14.74	-14.7	-14.65	-14.61	-14.53	-14.45	-14.36	-14.28	-14.2	-14.12	-14.04	-13.96	-13.88	-13.8	-13.71	-13.63	-13.55	-13.47	-13.39	-13.31	-13.23	-13.15	-13.06	-12.98	-12.9	-12.82	-12.74	-12.69	-12.64	-12.59	-12.54	-12.49	-12.44	-12.4	-12.35	-12.3	-12.25	-12.2	-12.15	-12.1	-12.05	-12	-11.95	-11.9	-11.85	-11.81	-11.76	-11.71	-11.66	-11.61	-11.53	-11.45	-11.36	-11.28	-11.2	-11.12	-11.04	-10.96	-10.88	-10.8	-10.71	-10.63	-10.55	-10.47	-10.39	-10.31	-10.23	-10.15	-10.06	-9.98	-9.9	-9.82	-9.74	-9.66	-9.58	-9.5	-9.41	-9.33	-9.25	-9.17	-9.09	-9.01	-8.93	-8.84	-8.76	-8.68	-8.6	-8.52	-8.44	-8.36	-8.28	-8.19	-8.11	-8.03	-7.95	-7.87	-7.82	-7.77	-7.72	-7.67	-7.62	-7.57	-7.53	-7.48	-7.43	-7.38	-7.33	-7.28	-7.23	-7.18	-7.13	-7.08	-7.03	-6.98	-6.94	-6.89	-6.84	-6.79	-6.74	-6.66	-6.58	-6.5	-6.41	-6.33	-6.25	-6.17	-6.09	-6.01	-5.93	-5.84	-5.76	-5.68	-5.6	-5.52	-5.44	-5.36	-5.28	-5.19	-5.11	-5.03	-4.95	-4.87	-4.79	-4.71	-4.63	-4.54	-4.46	-4.38	-4.3	-4.22	-4.14	-4.06	-3.98	0	0	0	0	0
0	0	0	0	0	-16.96	-16.91	-16.87	-16.83	-16.78	-16.74	-16.7	-16.65	-16.61	-16.57	-16.52	-16.48	-16.43	-16.39	-16.35	-16.3	-16.26	-16.22	-16.17	-16.13	-16.09	-16.04	-16	-15.96	-15.91	-15.87	-15.83	-15.78	-15.74	-15.7	-15.65	-15.61	-15.57	-15.52	-15.48	-15.43	-15.39	-15.35	-15.3	-15.26	-15.22	-15.17	-15.13	-15.09	-15.04	-15	-14.96	-14.91	-14.87	-14.83	-14.78	-14.74	-14.7	-14.65	-14.61	-14.57	-14.52	-14.48	-14.4	-14.32	-14.24	-14.16	-14.08	-14	-13.92	-13.84	-13.76	-13.68	-13.6	-13.53	-13.45	-13.37	-13.29	-13.21	-13.13	-13.05	-12.97	-12.89	-12.81	-12.73	-12.65	-12.6	-12.55	-12.5	-12.45	-12.4	-12.35	-12.29	-12.24	-12.19	-12.14	-12.09	-12.04	-11.99	-11.94	-11.89	-11.84	-11.78	-11.73	-11.68	-11.63	-11.58	-11.53	-11.48	-11.4	-11.32	-11.24	-11.16	-11.08	-11	-10.92	-10.84	-10.76	-10.68	-10.6	-10.53	-10.45	-10.37	-10.29	-10.21	-10.13	-10.05	-9.97	-9.89	-9.81	-9.73	-9.65	-9.57	-9.49	-9.41	-9.33	-9.26	-9.18	-9.1	-9.02	-8.94	-8.86	-8.78	-8.7	-8.62	-8.54	-8.46	-8.38	-8.3	-8.22	-8.14	-8.06	-7.98	-7.91	-7.83	-7.78	-7.72	-7.67	-7.62	-7.57	-7.52	-7.47	-7.42	-7.37	-7.32	-7.26	-7.21	-7.16	-7.11	-7.06	-7.01	-6.96	-6.91	-6.86	-6.81	-6.75	-6.7	-6.65	-6.57	-6.49	-6.41	-6.33	-6.26	-6.18	-6.1	-6.02	-5.94	-5.86	-5.78	-5.7	-5.62	-5.54	-5.46	-5.38	-5.3	-5.22	-5.14	-5.06	-4.98	-4.91	-4.83	-4.75	-4.67	-4.59	-4.51	-4.43	-4.35	-4.27	-4.19	-4.11	-4.03	-3.95	0	0	0	0	0
0	0	0	0	0	-16.83	-16.78	-16.74	-16.7	-16.65	-16.61	-16.57	-16.52	-16.48	-16.43	-16.39	-16.35	-16.3	-16.26	-16.22	-16.17	-16.13	-16.09	-16.04	-16	-15.96	-15.91	-15.87	-15.83	-15.78	-15.74	-15.7	-15.65	-15.61	-15.57	-15.52	-15.48	-15.43	-15.39	-15.35	-15.3	-15.26	-15.22	-15.17	-15.13	-15.09	-15.04	-15	-14.96	-14.91	-14.87	-14.83	-14.78	-14.74	-14.7	-14.65	-14.61	-14.57	-14.52	-14.48	-14.43	-14.39	-14.35	-14.27	-14.19	-14.12	-14.04	-13.96	-13.88	-13.81	-13.73	-13.65	-13.57	-13.5	-13.42	-13.34	-13.26	-13.19	-13.11	-13.03	-12.95	-12.88	-12.8	-12.72	-12.64	-12.57	-12.51	-12.46	-12.41	-12.35	-12.3	-12.25	-12.19	-12.14	-12.09	-12.04	-11.98	-11.93	-11.88	-11.82	-11.77	-11.72	-11.67	-11.61	-11.56	-11.51	-11.45	-11.4	-11.35	-11.27	-11.19	-11.12	-11.04	-10.96	-10.88	-10.81	-10.73	-10.65	-10.57	-10.5	-10.42	-10.34	-10.26	-10.19	-10.11	-10.03	-9.95	-9.88	-9.8	-9.72	-9.64	-9.57	-9.49	-9.41	-9.33	-9.26	-9.18	-9.1	-9.02	-8.95	-8.87	-8.79	-8.71	-8.64	-8.56	-8.48	-8.4	-8.33	-8.25	-8.17	-8.09	-8.02	-7.94	-7.86	-7.78	-7.73	-7.68	-7.62	-7.57	-7.52	-7.47	-7.41	-7.36	-7.31	-7.25	-7.2	-7.15	-7.09	-7.04	-6.99	-6.94	-6.88	-6.83	-6.78	-6.72	-6.67	-6.62	-6.57	-6.49	-6.41	-6.33	-6.26	-6.18	-6.1	-6.02	-5.95	-5.87	-5.79	-5.71	-5.64	-5.56	-5.48	-5.4	-5.33	-5.25	-5.17	-5.09	-5.02	-4.94	-4.86	-4.78	-4.71	-4.63	-4.55	-4.47	-4.4	-4.32	-4.24	-4.16	-4.09	-4.01	-3.93	0	0	0	0	0
0	0	0	0	0	-16.7	-16.65	-16.61	-16.57	-16.52	-16.48	-16.43	-16.39	-16.35	-16.3	-16.26	-16.22	-16.17	-16.13	-16.09	-16.04	-16	-15.96	-15.91	-15.87	-15.83	-15.78	-15.74	-15.7	-15.65	-15.61	-15.57	-15.52	-15.48	-15.43	-15.39	-15.35	-15.3	-15.26	-15.22	-15.17	-15.13	-15.09	-15.04	-15	-14.96	-14.91	-14.87	-14.83	-14.78	-14.74	-14.7	-14.65	-14.61	-14.57	-14.52	-14.48	-14.43	-14.39	-14.35	-14.3	-14.26	-14.22	-14.14	-14.07	-13.99	-13.91	-13.84	-13.76	-13.69	-13.61	-13.54	-13.46	-13.39	-13.31	-13.23	-13.16	-13.08	-13.01	-12.93	-12.86	-12.78	-12.71	-12.63	-12.55	-12.48	-12.42	-12.37	-12.31	-12.26	-12.2	-12.15	-12.09	-12.04	-11.98	-11.93	-11.88	-11.82	-11.77	-11.71	-11.66	-11.6	-11.55	-11.49	-11.44	-11.38	-11.33	-11.27	-11.22	-11.14	-11.07	-10.99	-10.91	-10.84	-10.76	-10.69	-10.61	-10.54	-10.46	-10.39	-10.31	-10.23	-10.16	-10.08	-10.01	-9.93	-9.86	-9.78	-9.71	-9.63	-9.55	-9.48	-9.4	-9.33	-9.25	-9.18	-9.1	-9.02	-8.95	-8.87	-8.8	-8.72	-8.65	-8.57	-8.5	-8.42	-8.34	-8.27	-8.19	-8.12	-8.04	-7.97	-7.89	-7.81	-7.74	-7.68	-7.63	-7.57	-7.52	-7.47	-7.41	-7.36	-7.3	-7.25	-7.19	-7.14	-7.08	-7.03	-6.97	-6.92	-6.86	-6.81	-6.75	-6.7	-6.64	-6.59	-6.53	-6.48	-6.4	-6.33	-6.25	-6.18	-6.1	-6.02	-5.95	-5.87	-5.8	-5.72	-5.65	-5.57	-5.5	-5.42	-5.34	-5.27	-5.19	-5.12	-5.04	-4.97	-4.89	-4.81	-4.74	-4.66	-4.59	-4.51	-4.44	-4.36	-4.29	-4.21	-4.13	-4.06	-3.98	-3.91	0	0	0	0	0
0	0	0	0	0	-16.57	-16.52	-16.48	-16.43	-16.39	-16.35	-16.3	-16.26	-16.22	-16.17	-16.13	-16.09	-16.04	-16	-15.96	-15.91	-15.87	-15.83	-15.78	-15.74	-15.7	-15.65	-15.61	-15.57	-15.52	-15.48	-15.43	-15.39	-15.35	-15.3	-15.26	-15.22	-15.17	-15.13	-15.09	-15.04	-15	-14.96	-14.91	-14.87	-14.83	-14.78	-14.74	-14.7	-14.65	-14.61	-14.57	-14.52	-14.48	-14.43	-14.39	-14.35	-14.3	-14.26	-14.22	-14.17	-14.13	-14.09	-14.01	-13.94	-13.87	-13.79	-13.72	-13.64	-13.57	-13.5	-13.42	-13.35	-13.28	-13.2	-13.13	-13.05	-12.98	-12.91	-12.83	-12.76	-12.69	-12.61	-12.54	-12.47	-12.39	-12.33	-12.28	-12.22	-12.16	-12.11	-12.05	-11.99	-11.94	-11.88	-11.82	-11.77	-11.71	-11.65	-11.6	-11.54	-11.48	-11.43	-11.37	-11.31	-11.26	-11.2	-11.14	-11.09	-11.01	-10.94	-10.87	-10.79	-10.72	-10.64	-10.57	-10.5	-10.42	-10.35	-10.28	-10.2	-10.13	-10.05	-9.98	-9.91	-9.83	-9.76	-9.69	-9.61	-9.54	-9.47	-9.39	-9.32	-9.24	-9.17	-9.1	-9.02	-8.95	-8.88	-8.8	-8.73	-8.65	-8.58	-8.51	-8.43	-8.36	-8.29	-8.21	-8.14	-8.06	-7.99	-7.92	-7.84	-7.77	-7.7	-7.64	-7.58	-7.53	-7.47	-7.41	-7.36	-7.3	-7.24	-7.19	-7.13	-7.07	-7.02	-6.96	-6.9	-6.84	-6.79	-6.73	-6.67	-6.62	-6.56	-6.5	-6.45	-6.39	-6.32	-6.24	-6.17	-6.1	-6.02	-5.95	-5.88	-5.8	-5.73	-5.65	-5.58	-5.51	-5.43	-5.36	-5.29	-5.21	-5.14	-5.06	-4.99	-4.92	-4.84	-4.77	-4.7	-4.62	-4.55	-4.47	-4.4	-4.33	-4.25	-4.18	-4.11	-4.03	-3.96	-3.88	0	0	0	0	0
0	0	0	0	0	-16.43	-16.39	-16.35	-16.3	-16.26	-16.22	-16.17	-16.13	-16.09	-16.04	-16	-15.96	-15.91	-15.87	-15.83	-15.78	-15.74	-15.7	-15.65	-15.61	-15.57	-15.52	-15.48	-15.43	-15.39	-15.35	-15.3	-15.26	-15.22	-15.17	-15.13	-15.09	-15.04	-15	-14.96	-14.91	-14.87	-14.83	-14.78	-14.74	-14.7	-14.65	-14.61	-14.57	-14.52	-14.48	-14.43	-14.39	-14.35	-14.3	-14.26	-14.22	-14.17	-14.13	-14.09	-14.04	-14	-13.96	-13.88	-13.81	-13.74	-13.67	-13.6	-13.53	-13.45	-13.38	-13.31	-13.24	-13.17	-13.09	-13.02	-12.95	-12.88	-12.81	-12.74	-12.66	-12.59	-12.52	-12.45	-12.38	-12.3	-12.25	-12.19	-12.13	-12.07	-12.01	-11.95	-11.89	-11.84	-11.78	-11.72	-11.66	-11.6	-11.54	-11.48	-11.43	-11.37	-11.31	-11.25	-11.19	-11.13	-11.07	-11.02	-10.96	-10.88	-10.81	-10.74	-10.67	-10.6	-10.53	-10.45	-10.38	-10.31	-10.24	-10.17	-10.09	-10.02	-9.95	-9.88	-9.81	-9.74	-9.66	-9.59	-9.52	-9.45	-9.38	-9.3	-9.23	-9.16	-9.09	-9.02	-8.95	-8.87	-8.8	-8.73	-8.66	-8.59	-8.51	-8.44	-8.37	-8.3	-8.23	-8.16	-8.08	-8.01	-7.94	-7.87	-7.8	-7.72	-7.65	-7.59	-7.53	-7.48	-7.42	-7.36	-7.3	-7.24	-7.18	-7.12	-7.07	-7.01	-6.95	-6.89	-6.83	-6.77	-6.71	-6.66	-6.6	-6.54	-6.48	-6.42	-6.36	-6.3	-6.23	-6.16	-6.09	-6.02	-5.95	-5.87	-5.8	-5.73	-5.66	-5.59	-5.51	-5.44	-5.37	-5.3	-5.23	-5.16	-5.08	-5.01	-4.94	-4.87	-4.8	-4.72	-4.65	-4.58	-4.51	-4.44	-4.36	-4.29	-4.22	-4.15	-4.08	-4.01	-3.93	-3.86	0	0	0	0	0
0	0	0	0	0	-16.3	-16.26	-16.22	-16.17	-16.13	-16.09	-16.04	-16	-15.96	-15.91	-15.87	-15.83	-15.78	-15.74	-15.7	-15.65	-15.61	-15.57	-15.52	-15.48	-15.43	-15.39	-15.35	-15.3	-15.26	-15.22	-15.17	-15.13	-15.09	-15.04	-15	-14.96	-14.91	-14.87	-14.83	-14.78	-14.74	-14.7	-14.65	-14.61	-14.57	-14.52	-14.48	-14.43	-14.39	-14.35	-14.3	-14.26	-14.22	-14.17	-14.13	-14.09	-14.04	-14	-13.96	-13.91	-13.87	-13.83	-13.76	-13.69	-13.62	-13.55	-13.48	-13.41	-13.34	-13.27	-13.2	-13.13	-13.06	-12.99	-12.92	-12.85	-12.78	-12.71	-12.64	-12.57	-12.5	-12.43	-12.36	-12.29	-12.22	-12.16	-12.1	-12.04	-11.98	-11.91	-11.85	-11.79	-11.73	-11.67	-11.61	-11.55	-11.49	-11.43	-11.37	-11.31	-11.25	-11.19	-11.13	-11.07	-11.01	-10.95	-10.89	-10.83	-10.76	-10.69	-10.62	-10.55	-10.48	-10.41	-10.34	-10.27	-10.2	-10.13	-10.06	-9.99	-9.92	-9.85	-9.78	-9.71	-9.64	-9.57	-9.5	-9.43	-9.36	-9.29	-9.22	-9.15	-9.08	-9.01	-8.94	-8.87	-8.8	-8.73	-8.66	-8.59	-8.52	-8.45	-8.38	-8.31	-8.24	-8.17	-8.1	-8.03	-7.96	-7.89	-7.82	-7.75	-7.68	-7.61	-7.55	-7.49	-7.43	-7.37	-7.31	-7.25	-7.19	-7.12	-7.06	-7	-6.94	-6.88	-6.82	-6.76	-6.7	-6.64	-6.58	-6.52	-6.46	-6.4	-6.34	-6.28	-6.22	-6.15	-6.08	-6.01	-5.94	-5.87	-5.8	-5.73	-5.66	-5.59	-5.52	-5.45	-5.38	-5.31	-5.24	-5.17	-5.1	-5.03	-4.96	-4.89	-4.82	-4.75	-4.68	-4.61	-4.54	-4.47	-4.4	-4.33	-4.26	-4.19	-4.12	-4.05	-3.98	-3.91	-3.84	0	0	0	0	0
0	0	0	0	0	-16.17	-16.13	-16.09	-16.04	-16	-15.96	-15.91	-15.87	-15.83	-15.78	-15.74	-15.7	-15.65	-15.61	-15.57	-15.52	-15.48	-15.43	-15.39	-15.35	-15.3	-15.26	-15.22	-15.17	-15.13	-15.09	-15.04	-15	-14.96	-14.91	-14.87	-14.83	-14.78	-14.74	-14.7	-14.65	-14.61	-14.57	-14.52	-14.48	-14.43	-14.39	-14.35	-14.3	-14.26	-14.22	-14.17	-14.13	-14.09	-14.04	-14	-13.96	-13.91	-13.87	-13.83	-13.78	-13.74	-13.7	-13.63	-13.56	-13.49	-13.42	-13.36	-13.29	-13.22	-13.15	-13.08	-13.02	-12.95	-12.88	-12.81	-12.74	-12.67	-12.61	-12.54	-12.47	-12.4	-12.33	-12.27	-12.2	-12.13	-12.07	-12.01	-11.94	-11.88	-11.82	-11.76	-11.69	-11.63	-11.57	-11.51	-11.44	-11.38	-11.32	-11.26	-11.19	-11.13	-11.07	-11.01	-10.95	-10.88	-10.82	-10.76	-10.7	-10.63	-10.56	-10.49	-10.42	-10.36	-10.29	-10.22	-10.15	-10.08	-10.02	-9.95	-9.88	-9.81	-9.74	-9.67	-9.61	-9.54	-9.47	-9.4	-9.33	-9.27	-9.2	-9.13	-9.06	-8.99	-8.93	-8.86	-8.79	-8.72	-8.65	-8.59	-8.52	-8.45	-8.38	-8.31	-8.25	-8.18	-8.11	-8.04	-7.97	-7.91	-7.84	-7.77	-7.7	-7.63	-7.57	-7.5	-7.44	-7.38	-7.32	-7.25	-7.19	-7.13	-7.07	-7	-6.94	-6.88	-6.82	-6.75	-6.69	-6.63	-6.57	-6.5	-6.44	-6.38	-6.32	-6.26	-6.19	-6.13	-6.06	-5.99	-5.93	-5.86	-5.79	-5.72	-5.65	-5.59	-5.52	-5.45	-5.38	-5.31	-5.25	-5.18	-5.11	-5.04	-4.97	-4.91	-4.84	-4.77	-4.7	-4.63	-4.57	-4.5	-4.43	-4.36	-4.29	-4.22	-4.16	-4.09	-4.02	-3.95	-3.88	-3.82	0	0	0	0	0
0	0	0	0	0	-16.04	-16	-15.96	-15.91	-15.87	-15.83	-15.78	-15.74	-15.7	-15.65	-15.61	-15.57	-15.52	-15.48	-15.43	-15.39	-15.35	-15.3	-15.26	-15.22	-15.17	-15.13	-15.09	-15.04	-15	-14.96	-14.91	-14.87	-14.83	-14.78	-14.74	-14.7	-14.65	-14.61	-14.57	-14.52	-14.48	-14.43	-14.39	-14.35	-14.3	-14.26	-14.22	-14.17	-14.13	-14.09	-14.04	-14	-13.96	-13.91	-13.87	-13.83	-13.78	-13.74	-13.7	-13.65	-13.61	-13.57	-13.5	-13.43	-13.37	-13.3	-13.23	-13.17	-13.1	-13.04	-12.97	-12.9	-12.84	-12.77	-12.71	-12.64	-12.57	-12.51	-12.44	-12.37	-12.31	-12.24	-12.18	-12.11	-12.04	-11.98	-11.91	-11.85	-11.79	-11.72	-11.66	-11.59	-11.53	-11.47	-11.4	-11.34	-11.27	-11.21	-11.14	-11.08	-11.02	-10.95	-10.89	-10.82	-10.76	-10.69	-10.63	-10.57	-10.5	-10.43	-10.37	-10.3	-10.23	-10.17	-10.1	-10.04	-9.97	-9.9	-9.84	-9.77	-9.71	-9.64	-9.57	-9.51	-9.44	-9.37	-9.31	-9.24	-9.18	-9.11	-9.04	-8.98	-8.91	-8.84	-8.78	-8.71	-8.65	-8.58	-8.51	-8.45	-8.38	-8.32	-8.25	-8.18	-8.12	-8.05	-7.98	-7.92	-7.85	-7.79	-7.72	-7.65	-7.59	-7.52	-7.46	-7.39	-7.33	-7.26	-7.2	-7.14	-7.07	-7.01	-6.94	-6.88	-6.81	-6.75	-6.69	-6.62	-6.56	-6.49	-6.43	-6.36	-6.3	-6.24	-6.17	-6.11	-6.04	-5.98	-5.91	-5.84	-5.78	-5.71	-5.65	-5.58	-5.51	-5.45	-5.38	-5.32	-5.25	-5.18	-5.12	-5.05	-4.98	-4.92	-4.85	-4.79	-4.72	-4.65	-4.59	-4.52	-4.46	-4.39	-4.32	-4.26	-4.19	-4.12	-4.06	-3.99	-3.93	-3.86	-3.79	0	0	0	0	0
0	0	0	0	0	-15.91	-15.87	-15.83	-15.78	-15.74	-15.7	-15.65	-15.61	-15.57	-15.52	-15.48	-15.43	-15.39	-15.35	-15.3	-15.26	-15.22	-15.17	-15.13	-15.09	-15.04	-15	-14.96	-14.91	-14.87	-14.83	-14.78	-14.74	-14.7	-14.65	-14.61	-14.57	-14.52	-14.48	-14.43	-14.39	-14.35	-14.3	-14.26	-14.22	-14.17	-14.13	-14.09	-14.04	-14	-13.96	-13.91	-13.87	-13.83	-13.78	-13.74	-13.7	-13.65	-13.61	-13.57	-13.52	-13.48	-13.43	-13.37	-13.31	-13.24	-13.18	-13.11	-13.05	-12.98	-12.92	-12.86	-12.79	-12.73	-12.66	-12.6	-12.53	-12.47	-12.41	-12.34	-12.28	-12.21	-12.15	-12.09	-12.02	-11.96	-11.89	-11.82	-11.76	-11.69	-11.63	-11.56	-11.49	-11.43	-11.36	-11.29	-11.23	-11.16	-11.1	-11.03	-10.96	-10.9	-10.83	-10.77	-10.7	-10.63	-10.57	-10.5	-10.43	-10.37	-10.31	-10.24	-10.18	-10.11	-10.05	-9.98	-9.92	-9.86	-9.79	-9.73	-9.66	-9.6	-9.53	-9.47	-9.41	-9.34	-9.28	-9.21	-9.15	-9.09	-9.02	-8.96	-8.89	-8.83	-8.76	-8.7	-8.64	-8.57	-8.51	-8.44	-8.38	-8.31	-8.25	-8.19	-8.12	-8.06	-7.99	-7.93	-7.86	-7.8	-7.74	-7.67	-7.61	-7.54	-7.48	-7.41	-7.35	-7.28	-7.21	-7.15	-7.08	-7.02	-6.95	-6.88	-6.82	-6.75	-6.68	-6.62	-6.55	-6.49	-6.42	-6.35	-6.29	-6.22	-6.16	-6.09	-6.02	-5.96	-5.89	-5.83	-5.76	-5.7	-5.64	-5.57	-5.51	-5.44	-5.38	-5.31	-5.25	-5.19	-5.12	-5.06	-4.99	-4.93	-4.86	-4.8	-4.74	-4.67	-4.61	-4.54	-4.48	-4.41	-4.35	-4.29	-4.22	-4.16	-4.09	-4.03	-3.96	-3.9	-3.84	-3.77	0	0	0	0	0
0	0	0	0	0	-15.78	-15.74	-15.7	-15.65	-15.61	-15.57	-15.52	-15.48	-15.43	-15.39	-15.35	-15.3	-15.26	-15.22	-15.17	-15.13	-15.09	-15.04	-15	-14.96	-14.91	-14.87	-14.83	-14.78	-14.74	-14.7	-14.65	-14.61	-14.57	-14.52	-14.48	-14.43	-14.39	-14.35	-14.3	-14.26	-14.22	-14.17	-14.13	-14.09	-14.04	-14	-13.96	-13.91	-13.87	-13.83	-13.78	-13.74	-13.7	-13.65	-13.61	-13.57	-13.52	-13.48	-13.43	-13.39	-13.35	-13.3	-13.24	-13.18	-13.12	-13.05	-12.99	-12.93	-12.87	-12.81	-12.74	-12.68	-12.62	-12.56	-12.49	-12.43	-12.37	-12.31	-12.24	-12.18	-12.12	-12.06	-11.99	-11.93	-11.87	-11.8	-11.73	-11.67	-11.6	-11.53	-11.46	-11.39	-11.33	-11.26	-11.19	-11.12	-11.05	-10.98	-10.92	-10.85	-10.78	-10.71	-10.64	-10.58	-10.51	-10.44	-10.37	-10.3	-10.24	-10.18	-10.12	-10.05	-9.99	-9.93	-9.87	-9.81	-9.74	-9.68	-9.62	-9.56	-9.49	-9.43	-9.37	-9.31	-9.24	-9.18	-9.12	-9.06	-8.99	-8.93	-8.87	-8.81	-8.74	-8.68	-8.62	-8.56	-8.5	-8.43	-8.37	-8.31	-8.25	-8.18	-8.12	-8.06	-8	-7.93	-7.87	-7.81	-7.75	-7.68	-7.62	-7.56	-7.5	-7.43	-7.37	-7.3	-7.23	-7.16	-7.09	-7.03	-6.96	-6.89	-6.82	-6.75	-6.69	-6.62	-6.55	-6.48	-6.41	-6.35	-6.28	-6.21	-6.14	-6.07	-6.01	-5.94	-5.87	-5.81	-5.74	-5.68	-5.62	-5.56	-5.5	-5.43	-5.37	-5.31	-5.25	-5.18	-5.12	-5.06	-5	-4.93	-4.87	-4.81	-4.75	-4.68	-4.62	-4.56	-4.5	-4.43	-4.37	-4.31	-4.25	-4.19	-4.12	-4.06	-4	-3.94	-3.87	-3.81	-3.75	0	0	0	0	0
0	0	0	0	0	-15.65	-15.61	-15.57	-15.52	-15.48	-15.43	-15.39	-15.35	-15.3	-15.26	-15.22	-15.17	-15.13	-15.09	-15.04	-15	-14.96	-14.91	-14.87	-14.83	-14.78	-14.74	-14.7	-14.65	-14.61	-14.57	-14.52	-14.48	-14.43	-14.39	-14.35	-14.3	-14.26	-14.22	-14.17	-14.13	-14.09	-14.04	-14	-13.96	-13.91	-13.87	-13.83	-13.78	-13.74	-13.7	-13.65	-13.61	-13.57	-13.52	-13.48	-13.43	-13.39	-13.35	-13.3	-13.26	-13.22	-13.17	-13.11	-13.05	-12.99	-12.93	-12.87	-12.81	-12.75	-12.69	-12.63	-12.57	-12.51	-12.45	-12.39	-12.33	-12.27	-12.21	-12.15	-12.09	-12.02	-11.96	-11.9	-11.84	-11.78	-11.71	-11.64	-11.57	-11.5	-11.43	-11.36	-11.29	-11.22	-11.15	-11.08	-11.01	-10.94	-10.87	-10.8	-10.73	-10.66	-10.59	-10.52	-10.45	-10.38	-10.31	-10.24	-10.17	-10.11	-10.05	-9.99	-9.93	-9.87	-9.81	-9.75	-9.69	-9.63	-9.57	-9.51	-9.45	-9.39	-9.33	-9.27	-9.21	-9.15	-9.09	-9.02	-8.96	-8.9	-8.84	-8.78	-8.72	-8.66	-8.6	-8.54	-8.48	-8.42	-8.36	-8.3	-8.24	-8.18	-8.12	-8.06	-8	-7.94	-7.88	-7.81	-7.75	-7.69	-7.63	-7.57	-7.51	-7.45	-7.39	-7.32	-7.25	-7.18	-7.11	-7.04	-6.97	-6.9	-6.83	-6.76	-6.69	-6.62	-6.55	-6.48	-6.41	-6.34	-6.27	-6.2	-6.13	-6.06	-5.99	-5.92	-5.85	-5.78	-5.72	-5.66	-5.6	-5.54	-5.48	-5.42	-5.36	-5.3	-5.24	-5.18	-5.12	-5.06	-5	-4.94	-4.88	-4.81	-4.75	-4.69	-4.63	-4.57	-4.51	-4.45	-4.39	-4.33	-4.27	-4.21	-4.15	-4.09	-4.03	-3.97	-3.91	-3.85	-3.79	-3.73	0	0	0	0	0
0	0	0	0	0	-15.52	-15.48	-15.43	-15.39	-15.35	-15.3	-15.26	-15.22	-15.17	-15.13	-15.09	-15.04	-15	-14.96	-14.91	-14.87	-14.83	-14.78	-14.74	-14.7	-14.65	-14.61	-14.57	-14.52	-14.48	-14.43	-14.39	-14.35	-14.3	-14.26	-14.22	-14.17	-14.13	-14.09	-14.04	-14	-13.96	-13.91	-13.87	-13.83	-13.78	-13.74	-13.7	-13.65	-13.61	-13.57	-13.52	-13.48	-13.43	-13.39	-13.35	-13.3	-13.26	-13.22	-13.17	-13.13	-13.09	-13.04	-12.98	-12.93	-12.87	-12.81	-12.75	-12.69	-12.63	-12.57	-12.52	-12.46	-12.4	-12.34	-12.28	-12.22	-12.16	-12.11	-12.05	-11.99	-11.93	-11.87	-11.81	-11.75	-11.7	-11.62	-11.55	-11.48	-11.41	-11.34	-11.26	-11.19	-11.12	-11.05	-10.98	-10.91	-10.83	-10.76	-10.69	-10.62	-10.55	-10.47	-10.4	-10.33	-10.26	-10.19	-10.12	-10.04	-9.98	-9.93	-9.87	-9.81	-9.75	-9.69	-9.63	-9.57	-9.52	-9.46	-9.4	-9.34	-9.28	-9.22	-9.16	-9.11	-9.05	-8.99	-8.93	-8.87	-8.81	-8.75	-8.7	-8.64	-8.58	-8.52	-8.46	-8.4	-8.34	-8.29	-8.23	-8.17	-8.11	-8.05	-7.99	-7.93	-7.88	-7.82	-7.76	-7.7	-7.64	-7.58	-7.52	-7.47	-7.41	-7.35	-7.28	-7.2	-7.13	-7.06	-6.99	-6.92	-6.84	-6.77	-6.7	-6.63	-6.56	-6.49	-6.41	-6.34	-6.27	-6.2	-6.13	-6.05	-5.98	-5.91	-5.84	-5.77	-5.7	-5.64	-5.58	-5.52	-5.46	-5.4	-5.34	-5.29	-5.23	-5.17	-5.11	-5.05	-4.99	-4.93	-4.88	-4.82	-4.76	-4.7	-4.64	-4.58	-4.52	-4.47	-4.41	-4.35	-4.29	-4.23	-4.17	-4.11	-4.05	-4	-3.94	-3.88	-3.82	-3.76	-3.7	0	0	0	0	0
