0	0	0	0	0	0	0	0	0	0	0	0	0	0	0	0	0	0	0	0	0	0	0	0	0	0	0	0	0	0	0	0	0	0	0	0	0	0	0	0	0	0	0	0	0	0	0	0	0	0	0	0	0	0	0	0	0	0	0	0	0	0	0	0	0	0	0	0	0	0	0	0	0	0	0	0	0	0	0	0	0	0	0	0	0	0	0	0	0	0	0	0	0	0	0	0	0	0	0	0	0	0	0	0	0	0	0	0	0	0	0	0	0	0	0	0	0	0	0	0	0	0	0	0	0	0	0	0	0	0	0	0	0	0	0	0	0	0	0	0	0	0	0	0	0	0	0	0	0	0	0	0	0	0	0	0	0	0	0	0	0	0	0	0	0	0	0	0	0	0	0	0	0	0	0	0	0	0	0	0	0	0	0	0	0	0	0	0	0	0	0	0	0	0
0	0	0	0	0	0	0	0	0	0	0	0	0	0	0	0	0	0	0	0	0	0	0	0	0	0	0	0	0	0	0	0	0	0	0	0	0	0	0	0	0	0	0	0	0	0	0	0	0	0	0	0	0	0	0	0	0	0	0	0	0	0	0	0	0	0	0	0	0	0	0	0	0	0	0	0	0	0	0	0	0	0	0	0	0	0	0	0	0	0	0	0	0	0	0	0	0	0	0	0	0	0	0	0	0	0	0	0	0	0	0	0	0	0	0	0	0	0	0	0	0	0	0	0	0	0	0	0	0	0	0	0	0	0	0	0	0	0	0	0	0	0	0	0	0	0	0	0	0	0	0	0	0	0	0	0	0	0	0	0	0	0	0	0	0	0	0	0	0	0	0	0	0	0	0	0	0	0	0	0	0	0	0	0	0	0	0	0	0	0	0	0	0	0
0	0	0	0	0	0	0	0	0	0	0	0	0	0	0	0	0	0	0	0	0	0	0	0	0	0	0	0	0	0	0	0	0	0	0	0	0	0	0	0	0	0	0	0	0	0	0	0	0	0	0	0	0	0	0	0	0	0	0	0	0	0	0	0	0	0	0	0	0	0	0	0	0	0	0	0	0	0	0	0	0	0	0	0	0	0	0	0	0	0	0	0	0	0	0	0	0	0	0	0	0	0	0	0	0	0	0	0	0	0	0	0	0	0	0	0	0	0	0	0	0	0	0	0	0	0	0	0	0	0	0	0	0	0	0	0	0	0	0	0	0	0	0	0	0	0	0	0	0	0	0	0	0	0	0	0	0	0	0	0	0	0	0	0	0	0	0	0	0	0	0	0	0	0	0	0	0	0	0	0	0	0	0	0	0	0	0	0	0	0	0	0	0	0
0	0	0	0	0	0	0	0	0	0	0	0	0	0	0	0	0	0	0	0	0	0	0	0	0	0	0	0	0	0	0	0	0	0	0	0	0	0	0	0	0	0	0	0	0	0	0	0	0	0	0	0	0	0	0	0	0	0	0	0	0	0	0	0	0	0	0	0	0	0	0	0	0	0	0	0	0	0	0	0	0	0	0	0	0	0	0	0	0	0	0	0	0	0	0	0	0	0	0	0	0	0	0	0	0	0	0	0	0	0	0	0	0	0	0	0	0	0	0	0	0	0	0	0	0	0	0	0	0	0	0	0	0	0	0	0	0	0	0	0	0	0	0	0	0	0	0	0	0	0	0	0	0	0	0	0	0	0	0	0	0	0	0	0	0	0	0	0	0	0	0	0	0	0	0	0	0	0	0	0	0	0	0	0	0	0	0	0	0	0	0	0	0	0
0	0	0	0	0	0	0	0	0	0	0	0	0	0	0	0	0	0	0	0	0	0	0	0	0	0	0	0	0	0	0	0	0	0	0	0	0	0	0	0	0	0	0	0	0	0	0	0	0	0	0	0	0	0	0	0	0	0	0	0	0	0	0	0	0	0	0	0	0	0	0	0	0	0	0	0	0	0	0	0	0	0	0	0	0	0	0	0	0	0	0	0	0	0	0	0	0	0	0	0	0	0	0	0	0	0	0	0	0	0	0	0	0	0	0	0	0	0	0	0	0	0	0	0	0	0	0	0	0	0	0	0	0	0	0	0	0	0	0	0	0	0	0	0	0	0	0	0	0	0	0	0	0	0	0	0	0	0	0	0	0	0	0	0	0	0	0	0	0	0	0	0	0	0	0	0	0	0	0	0	0	0	0	0	0	0	0	0	0	0	0	0	0	0
0	0	0	0	0	0	0	0	0	0	0	0	0	0	0	0	0	0	0	0	0	0	0	0	0	0	0	0	0	0	0	0	0	0	0	0	0	0	0	0	0	0	0	0	0	0	0	0	0	0	0	0	0	0	0	0	0	0	0	0	0	0	0	0	0	0	0	0	0	0	0	0	0	0	0	0	0	0	0	0	0	0	0	0	0	0	0	0	0	0	0	0	0	0	0	-0.09	-0.44	-0.78	-1.12	-1.47	-1.81	-2.16	-2.5	-2.84	-3.19	-3.53	-3.88	-4.22	-4.57	-4.72	-4.87	-5.02	-5.17	-5.32	-5.47	-5.62	-5.78	-5.93	-6.08	-6.23	-6.38	-6.53	-6.68	-6.83	-6.98	-7.14	-7.29	-7.44	-7.59	-7.74	-7.89	-8.04	-7.81	-7.57	-7.33	-7.1	-6.86	-6.63	-6.39	-6.15	-5.92	-5.68	-5.44	-5.21	-4.97	-4.74	-4.5	-4.26	-4.03	-3.79	-3.55	-3.32	-3.08	-2.84	-2.61	-2.24	-1.88	-1.51	-1.14	-0.78	-0.41	-0.04	0	0	0	0	0	0	0	0	0	0	0	0	0	0	0	0	0	0	0	0	0	0	0	0	0	0	0	0	0	0	0	0
0	0	0	0	0	0	0	0	0	0	0	0	0	0	0	0	0	0	0	0	0	0	0	0	0	0	0	0	0	0	0	0	0	0	0	0	0	0	0	0	0	0	0	0	0	0	0	0	0	0	0	0	0	0	0	0	0	0	0	0	0	0	0	0	0	0	0	0	0	0	0	0	0	0	0	0	0	0	0	0	0	0	0	0	0	0	0	0	0	0	0	0	0	0	0	-0.32	-0.66	-0.99	-1.33	-1.67	-2	-2.34	-2.68	-3.01	-3.35	-3.69	-4.02	-4.36	-4.7	-4.84	-4.99	-5.14	-5.29	-5.44	-5.59	-5.74	-5.89	-6.04	-6.19	-6.34	-6.49	-6.64	-6.79	-6.94	-7.09	-7.23	-7.38	-7.53	-7.68	-7.83	-7.98	-8.13	-7.9	-7.67	-7.44	-7.21	-6.98	-6.75	-6.52	-6.29	-6.05	-5.82	-5.59	-5.36	-5.13	-4.9	-4.67	-4.44	-4.21	-3.98	-3.75	-3.52	-3.29	-3.06	-2.83	-2.47	-2.1	-1.74	-1.38	-1.02	-0.66	-0.3	0	0	0	0	0	0	0	0	0	0	0	0	0	0	0	0	0	0	0	0	0	0	0	0	0	0	0	0	0	0	0	0
0	0	0	0	0	0	0	0	0	0	0	0	0	0	0	0	0	0	0	0	0	0	0	0	0	0	0	0	0	0	0	0	0	0	0	0	0	0	0	-0.04	0	0	0	0	0	0	0	0	0	0	0	0	0	0	0	0	0	0	0	0	0	0	0	0	0	0	0	0	0	0	0	0	0	0	0	0	0	0	0	0	0	0	0	0	0	0	0	0	0	0	0	0	0	0	-0.22	-0.55	-0.88	-1.21	-1.54	-1.87	-2.19	-2.52	-2.85	-3.18	-3.51	-3.84	-4.17	-4.5	-4.83	-4.97	-5.12	-5.27	-5.42	-5.56	-5.71	-5.86	-6.01	-6.15	-6.3	-6.45	-6.6	-6.74	-6.89	-7.04	-7.19	-7.33	-7.48	-7.63	-7.78	-7.92	-8.07	-8.22	-7.99	-7.77	-7.54	-7.32	-7.09	-6.87	-6.64	-6.42	-6.19	-5.97	-5.74	-5.52	-5.29	-5.07	-4.84	-4.62	-4.39	-4.17	-3.94	-3.72	-3.49	-3.27	-3.04	-2.69	-2.33	-1.98	-1.62	-1.27	-0.91	-0.56	-0.2	0	0	0	0	0	0	0	0	0	0	0	0	0	0	0	0	0	0	0	0	0	0	0	0	0	0	0	0	0	0	0
0	0	0	0	0	0	0	0	0	0	0	0	0	0	0	0	0	0	0	0	0	0	0	0	0	0	0	0	0	0	0	0	0	0	0	0	0	-0.03	-0.15	-0.26	-0.13	0	0	0	0	0	0	0	0	0	0	0	0	0	0	0	0	0	0	0	0	0	0	0	0	0	0	0	0	0	0	0	0	0	0	0	0	0	0	0	0	0	0	0	0	0	0	0	0	0	0	0	0	-0.14	-0.46	-0.78	-1.1	-1.42	-1.74	-2.06	-2.39	-2.71	-3.03	-3.35	-3.67	-3.99	-4.31	-4.64	-4.96	-5.1	-5.25	-5.39	-5.54	-5.68	-5.83	-5.98	-6.12	-6.27	-6.41	-6.56	-6.7	-6.85	-6.99	-7.14	-7.29	-7.43	-7.58	-7.72	-7.87	-8.01	-8.16	-8.3	-8.09	-7.87	-7.65	-7.43	-7.21	-6.99	-6.77	-6.55	-6.33	-6.11	-5.89	-5.67	-5.45	-5.23	-5.02	-4.8	-4.58	-4.36	-4.14	-3.92	-3.7	-3.48	-3.26	-2.91	-2.56	-2.21	-1.86	-1.51	-1.16	-0.81	-0.46	-0.11	0	0	0	0	0	0	0	0	0	0	0	0	0	0	0	0	0	0	0	0	0	0	0	0	0	0	0	0	0	0
0	0	0	0	0	0	0	0	0	0	0	0	0	0	0	0	0	0	0	0	0	0	0	0	0	0	0	0	0	0	0	0	0	0	0	-0.01	-0.13	-0.24	-0.36	-0.48	-0.35	-0.22	-0.1	0	0	0	0	0	0	0	0	0	0	0	0	0	0	0	0	0	0	0	0	0	0	0	0	0	0	0	0	0	0	0	0	0	0	0	0	0	0	0	0	0	0	0	0	0	0	0	0	0	-0.07	-0.38	-0.69	-1.01	-1.32	-1.64	-1.95	-2.26	-2.58	-2.89	-3.2	-3.52	-3.83	-4.15	-4.46	-4.77	-5.09	-5.23	-5.37	-5.52	-5.66	-5.81	-5.95	-6.09	-6.24	-6.38	-6.52	-6.67	-6.81	-6.95	-7.1	-7.24	-7.39	-7.53	-7.67	-7.82	-7.96	-8.1	-8.25	-8.39	-8.18	-7.96	-7.75	-7.54	-7.32	-7.11	-6.9	-6.68	-6.47	-6.26	-6.04	-5.83	-5.61	-5.4	-5.19	-4.97	-4.76	-4.55	-4.33	-4.12	-3.91	-3.69	-3.48	-3.13	-2.79	-2.45	-2.1	-1.76	-1.41	-1.07	-0.73	-0.38	-0.04	0	0	0	0	0	0	0	0	0	0	0	0	0	0	0	0	0	0	0	0	0	0	0	0	0	0	0	0	0
0	0	0	0	0	0	0	0	0	0	0	0	0	0	0	0	0	0	0	0	0	0	0	0	0	0	0	0	0	0	0	0	0	0	-0.1	-0.22	-0.34	-0.46	-0.58	-0.7	-0.57	-0.45	-0.33	-0.21	-0.09	0	0	0	0	0	0	0	0	0	0	0	0	0	0	0	0	0	0	0	0	0	0	0	0	0	0	0	0	0	0	0	0	0	0	0	0	0	0	0	0	0	0	0	0	0	0	-0.01	-0.32	-0.62	-0.93	-1.24	-1.54	-1.85	-2.16	-2.46	-2.77	-3.07	-3.38	-3.69	-3.99	-4.3	-4.6	-4.91	-5.22	-5.36	-5.5	-5.64	-5.78	-5.93	-6.07	-6.21	-6.35	-6.49	-6.64	-6.78	-6.92	-7.06	-7.2	-7.34	-7.49	-7.63	-7.77	-7.91	-8.05	-8.19	-8.34	-8.48	-8.27	-8.06	-7.85	-7.65	-7.44	-7.23	-7.02	-6.81	-6.61	-6.4	-6.19	-5.98	-5.78	-5.57	-5.36	-5.15	-4.94	-4.74	-4.53	-4.32	-4.11	-3.9	-3.7	-3.36	-3.02	-2.68	-2.34	-2	-1.67	-1.33	-0.99	-0.65	-0.31	0	0	0	0	0	0	0	0	0	0	0	0	0	0	0	0	0	0	0	0	0	0	0	0	0	0	0	0	0
0	0	0	0	0	0	0	0	0	0	0	0	0	0	0	0	0	0	0	0	0	0	0	0	0	0	0	0	0	0	0	0	-0.07	-0.19	-0.31	-0.43	-0.55	-0.67	-0.79	-0.91	-0.8	-0.68	-0.57	-0.45	-0.34	-0.22	-0.11	0	0	0	0	0	0	0	0	0	0	0	0	0	0	0	0	0	0	0	0	0	0	0	0	0	0	0	0	0	0	0	0	0	0	0	0	0	0	0	0	0	0	0	0	-0.27	-0.57	-0.87	-1.17	-1.47	-1.76	-2.06	-2.36	-2.66	-2.96	-3.26	-3.56	-3.85	-4.15	-4.45	-4.75	-5.05	-5.35	-5.49	-5.63	-5.77	-5.91	-6.05	-6.19	-6.33	-6.47	-6.61	-6.75	-6.89	-7.03	-7.17	-7.31	-7.45	-7.59	-7.73	-7.87	-8.01	-8.15	-8.29	-8.43	-8.57	-8.36	-8.16	-7.96	-7.76	-7.55	-7.35	-7.15	-6.95	-6.74	-6.54	-6.34	-6.14	-5.94	-5.73	-5.53	-5.33	-5.13	-4.92	-4.72	-4.52	-4.32	-4.12	-3.91	-3.58	-3.25	-2.91	-2.58	-2.25	-1.92	-1.58	-1.25	-0.92	-0.59	-0.25	0	0	0	0	0	0	0	0	0	0	0	0	0	0	0	0	0	0	0	0	0	0	0	0	0	0	0	0
0	0	0	0	0	0	0	0	0	0	0	0	0	0	0	0	0	0	0	0	0	0	0	0	0	0	0	0	0	0	-0.02	-0.15	-0.27	-0.39	-0.52	-0.64	-0.76	-0.88	-1.01	-1.13	-1.02	-0.91	-0.8	-0.69	-0.58	-0.47	-0.36	-0.25	-0.14	-0.03	0	0	0	0	0	0	0	0	0	0	0	0	0	0	0	0	0	0	0	0	0	0	0	0	0	0	0	0	0	0	0	0	0	0	0	0	0	0	0	0	-0.24	-0.53	-0.82	-1.11	-1.4	-1.69	-1.98	-2.28	-2.57	-2.86	-3.15	-3.44	-3.73	-4.02	-4.31	-4.6	-4.9	-5.19	-5.48	-5.62	-5.75	-5.89	-6.03	-6.17	-6.31	-6.44	-6.58	-6.72	-6.86	-7	-7.13	-7.27	-7.41	-7.55	-7.69	-7.82	-7.96	-8.1	-8.24	-8.38	-8.51	-8.65	-8.46	-8.26	-8.06	-7.87	-7.67	-7.47	-7.28	-7.08	-6.88	-6.69	-6.49	-6.29	-6.1	-5.9	-5.7	-5.51	-5.31	-5.11	-4.92	-4.72	-4.52	-4.33	-4.13	-3.8	-3.48	-3.15	-2.82	-2.5	-2.17	-1.84	-1.51	-1.19	-0.86	-0.53	-0.21	0	0	0	0	0	0	0	0	0	0	0	0	0	0	0	0	0	0	0	0	0	0	0	0	0	0	0
0	0	0	0	0	0	0	0	0	0	0	0	0	0	0	0	0	0	0	0	0	0	0	0	0	0	0	0	0	-0.1	-0.22	-0.35	-0.47	-0.6	-0.72	-0.85	-0.97	-1.1	-1.22	-1.35	-1.24	-1.14	-1.04	-0.93	-0.83	-0.72	-0.62	-0.52	-0.41	-0.31	-0.2	-0.1	0	0	0	0	0	0	0	0	0	0	0	0	0	0	0	0	0	0	0	0	0	0	0	0	0	0	0	0	0	0	0	0	0	0	0	0	0	-0.22	-0.5	-0.79	-1.07	-1.36	-1.64	-1.92	-2.21	-2.49	-2.77	-3.06	-3.34	-3.62	-3.91	-4.19	-4.47	-4.76	-5.04	-5.33	-5.61	-5.74	-5.88	-6.02	-6.15	-6.29	-6.43	-6.56	-6.7	-6.83	-6.97	-7.11	-7.24	-7.38	-7.51	-7.65	-7.79	-7.92	-8.06	-8.19	-8.33	-8.47	-8.6	-8.74	-8.55	-8.36	-8.17	-7.98	-7.78	-7.59	-7.4	-7.21	-7.02	-6.83	-6.64	-6.45	-6.26	-6.07	-5.88	-5.68	-5.49	-5.3	-5.11	-4.92	-4.73	-4.54	-4.35	-4.03	-3.71	-3.38	-3.06	-2.74	-2.42	-2.1	-1.78	-1.46	-1.13	-0.81	-0.49	-0.17	0	0	0	0	0	0	0	0	0	0	0	0	0	0	0	0	0	0	0	0	0	0	0	0	0	0
0	0	0	0	0	0	0	0	0	0	0	0	0	0	0	0	0	0	0	0	0	0	0	0	0	0	0	-0.05	-0.17	-0.3	-0.43	-0.55	-0.68	-0.81	-0.93	-1.06	-1.19	-1.31	-1.44	-1.57	-1.47	-1.37	-1.27	-1.17	-1.07	-0.98	-0.88	-0.78	-0.68	-0.58	-0.48	-0.39	-0.29	-0.19	-0.09	0	0	0	0	0	0	0	0	0	0	0	0	0	0	0	0	0	0	0	0	0	0	0	0	0	0	0	0	0	0	0	0	0	-0.22	-0.5	-0.77	-1.05	-1.32	-1.6	-1.88	-2.15	-2.43	-2.7	-2.98	-3.26	-3.53	-3.81	-4.08	-4.36	-4.64	-4.91	-5.19	-5.46	-5.74	-5.87	-6.01	-6.14	-6.28	-6.41	-6.54	-6.68	-6.81	-6.95	-7.08	-7.22	-7.35	-7.48	-7.62	-7.75	-7.89	-8.02	-8.16	-8.29	-8.42	-8.56	-8.69	-8.83	-8.64	-8.46	-8.27	-8.09	-7.9	-7.71	-7.53	-7.34	-7.16	-6.97	-6.79	-6.6	-6.42	-6.23	-6.05	-5.86	-5.68	-5.49	-5.31	-5.12	-4.94	-4.75	-4.57	-4.25	-3.93	-3.62	-3.3	-2.99	-2.67	-2.36	-2.04	-1.72	-1.41	-1.09	-0.78	-0.46	-0.15	0	0	0	0	0	0	0	0	0	0	0	0	0	0	0	0	0	0	0	0	0	0	0	0	0
0	0	0	0	0	0	0	0	0	0	0	0	0	0	0	0	0	0	0	0	0	0	0	0	0	0	-0.11	-0.24	-0.37	-0.5	-0.63	-0.75	-0.88	-1.01	-1.14	-1.27	-1.4	-1.53	-1.65	-1.78	-1.69	-1.6	-1.5	-1.41	-1.32	-1.23	-1.13	-1.04	-0.95	-0.86	-0.76	-0.67	-0.58	-0.49	-0.39	-0.3	-0.21	-0.12	-0.02	0	0	0	0	0	0	0	0	0	0	0	0	0	0	0	0	0	0	0	0	0	0	0	0	0	0	0	0	-0.23	-0.5	-0.77	-1.04	-1.31	-1.57	-1.84	-2.11	-2.38	-2.65	-2.92	-3.19	-3.45	-3.72	-3.99	-4.26	-4.53	-4.8	-5.06	-5.33	-5.6	-5.87	-6	-6.13	-6.27	-6.4	-6.53	-6.66	-6.8	-6.93	-7.06	-7.19	-7.33	-7.46	-7.59	-7.72	-7.85	-7.99	-8.12	-8.25	-8.38	-8.52	-8.65	-8.78	-8.91	-8.73	-8.55	-8.37	-8.19	-8.02	-7.84	-7.66	-7.48	-7.3	-7.12	-6.94	-6.76	-6.58	-6.4	-6.22	-6.04	-5.86	-5.68	-5.5	-5.32	-5.14	-4.96	-4.78	-4.47	-4.16	-3.85	-3.54	-3.23	-2.92	-2.61	-2.3	-1.99	-1.68	-1.37	-1.06	-0.75	-0.44	-0.13	0	0	0	0	0	0	0	0	0	0	0	0	0	0	0	0	0	0	0	0	0	0	0	0
0	0	0	0	0	0	0	0	0	0	0	0	0	0	0	0	0	0	0	0	0	0	0	0	-0.04	-0.17	-0.3	-0.43	-0.57	-0.7	-0.83	-0.96	-1.09	-1.22	-1.35	-1.48	-1.61	-1.74	-1.87	-2	-1.91	-1.83	-1.74	-1.65	-1.57	-1.48	-1.39	-1.3	-1.22	-1.13	-1.04	-0.96	-0.87	-0.78	-0.7	-0.61	-0.52	-0.43	-0.35	-0.26	-0.17	-0.09	0	0	0	0	0	0	0	0	0	0	0	0	0	0	0	0	0	0	0	0	0	0	0	0	-0.26	-0.52	-0.78	-1.04	-1.3	-1.57	-1.83	-2.09	-2.35	-2.61	-2.87	-3.13	-3.39	-3.65	-3.91	-4.17	-4.43	-4.7	-4.96	-5.22	-5.48	-5.74	-6	-6.13	-6.26	-6.39	-6.52	-6.65	-6.78	-6.91	-7.04	-7.17	-7.3	-7.43	-7.57	-7.7	-7.83	-7.96	-8.09	-8.22	-8.35	-8.48	-8.61	-8.74	-8.87	-9	-8.83	-8.65	-8.48	-8.3	-8.13	-7.96	-7.78	-7.61	-7.43	-7.26	-7.09	-6.91	-6.74	-6.57	-6.39	-6.22	-6.04	-5.87	-5.7	-5.52	-5.35	-5.17	-5	-4.7	-4.39	-4.09	-3.78	-3.48	-3.17	-2.87	-2.57	-2.26	-1.96	-1.65	-1.35	-1.04	-0.74	-0.43	-0.13	0	0	0	0	0	0	0	0	0	0	0	0	0	0	0	0	0	0	0	0	0	0	0
0	0	0	0	0	0	0	0	0	0	0	0	0	0	0	0	0	0	0	0	0	0	0	-0.1	-0.23	-0.36	-0.5	-0.63	-0.76	-0.89	-1.03	-1.16	-1.29	-1.42	-1.56	-1.69	-1.82	-1.95	-2.09	-2.22	-2.14	-2.05	-1.97	-1.89	-1.81	-1.73	-1.65	-1.57	-1.49	-1.4	-1.32	-1.24	-1.16	-1.08	-1	-0.92	-0.84	-0.75	-0.67	-0.59	-0.51	-0.43	-0.35	-0.35	-0.34	-0.34	-0.34	-0.34	-0.34	-0.33	-0.33	-0.33	-0.33	-0.33	-0.33	-0.32	-0.32	-0.32	-0.32	-0.32	-0.31	-0.31	-0.31	-0.31	-0.31	-0.3	-0.56	-0.81	-1.06	-1.32	-1.57	-1.82	-2.08	-2.33	-2.58	-2.84	-3.09	-3.34	-3.6	-3.85	-4.1	-4.36	-4.61	-4.86	-5.12	-5.37	-5.62	-5.88	-6.13	-6.26	-6.39	-6.52	-6.64	-6.77	-6.9	-7.03	-7.16	-7.29	-7.42	-7.54	-7.67	-7.8	-7.93	-8.06	-8.19	-8.32	-8.44	-8.57	-8.7	-8.83	-8.96	-9.09	-8.92	-8.75	-8.58	-8.41	-8.25	-8.08	-7.91	-7.74	-7.57	-7.4	-7.24	-7.07	-6.9	-6.73	-6.56	-6.4	-6.23	-6.06	-5.89	-5.72	-5.55	-5.39	-5.22	-4.92	-4.62	-4.32	-4.02	-3.72	-3.43	-3.13	-2.83	-2.53	-2.23	-1.93	-1.63	-1.33	-1.04	-0.74	-0.44	-0.14	0	0	0	0	0	0	0	0	0	0	0	0	0	0	0	0	0	0	0	0	0	0
0	0	0	0	0	0	0	0	0	0	0	0	0	0	0	0	0	0	0	0	0	-0.02	-0.15	-0.29	-0.42	-0.56	-0.69	-0.82	-0.96	-1.09	-1.23	-1.36	-1.5	-1.63	-1.76	-1.9	-2.03	-2.17	-2.3	-2.43	-2.36	-2.28	-2.21	-2.13	-2.06	-1.98	-1.91	-1.83	-1.75	-1.68	-1.6	-1.53	-1.45	-1.38	-1.3	-1.22	-1.15	-1.07	-1	-0.92	-0.85	-0.77	-0.7	-0.69	-0.69	-0.68	-0.68	-0.68	-0.67	-0.67	-0.67	-0.66	-0.66	-0.65	-0.65	-0.65	-0.64	-0.64	-0.64	-0.63	-0.63	-0.62	-0.62	-0.62	-0.61	-0.61	-0.85	-1.1	-1.35	-1.59	-1.84	-2.08	-2.33	-2.57	-2.82	-3.07	-3.31	-3.56	-3.8	-4.05	-4.29	-4.54	-4.79	-5.03	-5.28	-5.52	-5.77	-6.02	-6.26	-6.39	-6.51	-6.64	-6.77	-6.89	-7.02	-7.15	-7.27	-7.4	-7.53	-7.65	-7.78	-7.91	-8.03	-8.16	-8.29	-8.41	-8.54	-8.67	-8.79	-8.92	-9.05	-9.17	-9.01	-8.85	-8.69	-8.52	-8.36	-8.2	-8.04	-7.87	-7.71	-7.55	-7.39	-7.22	-7.06	-6.9	-6.74	-6.57	-6.41	-6.25	-6.09	-5.92	-5.76	-5.6	-5.43	-5.14	-4.85	-4.56	-4.26	-3.97	-3.68	-3.38	-3.09	-2.8	-2.5	-2.21	-1.92	-1.63	-1.33	-1.04	-0.75	-0.45	-0.16	0	0	0	0	0	0	0	0	0	0	0	0	0	0	0	0	0	0	0	0	0
0	0	0	0	0	0	0	0	0	0	0	0	0	0	0	0	0	0	0	0	-0.07	-0.2	-0.34	-0.47	-0.61	-0.75	-0.88	-1.02	-1.16	-1.29	-1.43	-1.56	-1.7	-1.84	-1.97	-2.11	-2.24	-2.38	-2.52	-2.65	-2.58	-2.51	-2.44	-2.37	-2.3	-2.23	-2.16	-2.09	-2.02	-1.95	-1.88	-1.81	-1.74	-1.67	-1.6	-1.53	-1.46	-1.39	-1.32	-1.25	-1.18	-1.11	-1.04	-1.04	-1.03	-1.03	-1.02	-1.02	-1.01	-1	-1	-0.99	-0.99	-0.98	-0.98	-0.97	-0.96	-0.96	-0.95	-0.95	-0.94	-0.94	-0.93	-0.92	-0.92	-0.91	-1.15	-1.39	-1.63	-1.87	-2.1	-2.34	-2.58	-2.82	-3.06	-3.29	-3.53	-3.77	-4.01	-4.25	-4.49	-4.72	-4.96	-5.2	-5.44	-5.68	-5.91	-6.15	-6.39	-6.52	-6.64	-6.77	-6.89	-7.02	-7.14	-7.26	-7.39	-7.51	-7.64	-7.76	-7.89	-8.01	-8.14	-8.26	-8.39	-8.51	-8.64	-8.76	-8.89	-9.01	-9.14	-9.26	-9.1	-8.95	-8.79	-8.63	-8.48	-8.32	-8.16	-8.01	-7.85	-7.69	-7.53	-7.38	-7.22	-7.06	-6.91	-6.75	-6.59	-6.44	-6.28	-6.12	-5.97	-5.81	-5.65	-5.36	-5.08	-4.79	-4.5	-4.22	-3.93	-3.64	-3.35	-3.07	-2.78	-2.49	-2.2	-1.92	-1.63	-1.34	-1.05	-0.77	-0.48	-0.19	0	0	0	0	0	0	0	0	0	0	0	0	0	0	0	0	0	0	0	0
0	0	0	0	0	0	0	0	0	0	0	0	0	0	0	0	0	0	0	-0.11	-0.25	-0.39	-0.52	-0.66	-0.8	-0.94	-1.08	-1.21	-1.35	-1.49	-1.63	-1.77	-1.9	-2.04	-2.18	-2.32	-2.46	-2.59	-2.73	-2.87	-2.81	-2.74	-2.68	-2.61	-2.55	-2.48	-2.42	-2.36	-2.29	-2.23	-2.16	-2.1	-2.03	-1.97	-1.91	-1.84	-1.78	-1.71	-1.65	-1.58	-1.52	-1.46	-1.39	-1.38	-1.38	-1.37	-1.36	-1.35	-1.35	-1.34	-1.33	-1.32	-1.32	-1.31	-1.3	-1.29	-1.29	-1.28	-1.27	-1.26	-1.26	-1.25	-1.24	-1.23	-1.22	-1.22	-1.45	-1.68	-1.91	-2.14	-2.37	-2.6	-2.83	-3.06	-3.29	-3.52	-3.75	-3.98	-4.22	-4.45	-4.68	-4.91	-5.14	-5.37	-5.6	-5.83	-6.06	-6.29	-6.52	-6.64	-6.77	-6.89	-7.01	-7.14	-7.26	-7.38	-7.5	-7.63	-7.75	-7.87	-8	-8.12	-8.24	-8.36	-8.49	-8.61	-8.73	-8.86	-8.98	-9.1	-9.22	-9.35	-9.2	-9.05	-8.89	-8.74	-8.59	-8.44	-8.29	-8.14	-7.99	-7.84	-7.68	-7.53	-7.38	-7.23	-7.08	-6.93	-6.78	-6.63	-6.47	-6.32	-6.17	-6.02	-5.87	-5.59	-5.31	-5.02	-4.74	-4.46	-4.18	-3.9	-3.62	-3.33	-3.05	-2.77	-2.49	-2.21	-1.93	-1.64	-1.36	-1.08	-0.8	-0.52	-0.24	0	0	0	0	0	0	0	0	0	0	0	0	0	0	0	0	0	0	0
0	0	0	0	0	0	0	0	0	0	0	0	0	0	0	0	0	-0.01	-0.15	-0.29	-0.43	-0.57	-0.71	-0.85	-0.99	-1.13	-1.27	-1.41	-1.55	-1.69	-1.83	-1.97	-2.11	-2.25	-2.39	-2.53	-2.67	-2.81	-2.95	-3.09	-3.03	-2.97	-2.91	-2.85	-2.79	-2.74	-2.68	-2.62	-2.56	-2.5	-2.44	-2.38	-2.33	-2.27	-2.21	-2.15	-2.09	-2.03	-1.97	-1.91	-1.86	-1.8	-1.74	-1.73	-1.72	-1.71	-1.7	-1.69	-1.68	-1.67	-1.66	-1.65	-1.64	-1.64	-1.63	-1.62	-1.61	-1.6	-1.59	-1.58	-1.57	-1.56	-1.55	-1.54	-1.53	-1.52	-1.74	-1.97	-2.19	-2.41	-2.64	-2.86	-3.08	-3.31	-3.53	-3.75	-3.98	-4.2	-4.42	-4.64	-4.87	-5.09	-5.31	-5.54	-5.76	-5.98	-6.21	-6.43	-6.65	-6.77	-6.89	-7.02	-7.14	-7.26	-7.38	-7.5	-7.62	-7.74	-7.86	-7.98	-8.1	-8.22	-8.35	-8.47	-8.59	-8.71	-8.83	-8.95	-9.07	-9.19	-9.31	-9.43	-9.29	-9.14	-9	-8.85	-8.71	-8.56	-8.42	-8.27	-8.12	-7.98	-7.83	-7.69	-7.54	-7.4	-7.25	-7.11	-6.96	-6.81	-6.67	-6.52	-6.38	-6.23	-6.09	-5.81	-5.53	-5.26	-4.98	-4.71	-4.43	-4.16	-3.88	-3.6	-3.33	-3.05	-2.78	-2.5	-2.22	-1.95	-1.67	-1.4	-1.12	-0.84	-0.57	-0.29	-0.02	0	0	0	0	0	0	0	0	0	0	0	0	0	0	0	0	0
0	0	0	0	0	0	0	0	0	0	0	0	0	0	0	0	-0.04	-0.19	-0.33	-0.47	-0.61	-0.75	-0.89	-1.04	-1.18	-1.32	-1.46	-1.6	-1.74	-1.89	-2.03	-2.17	-2.31	-2.45	-2.6	-2.74	-2.88	-3.02	-3.16	-3.3	-3.25	-3.2	-3.15	-3.09	-3.04	-2.99	-2.93	-2.88	-2.83	-2.78	-2.72	-2.67	-2.62	-2.56	-2.51	-2.46	-2.4	-2.35	-2.3	-2.25	-2.19	-2.14	-2.09	-2.08	-2.06	-2.05	-2.04	-2.03	-2.02	-2.01	-2	-1.98	-1.97	-1.96	-1.95	-1.94	-1.93	-1.92	-1.91	-1.89	-1.88	-1.87	-1.86	-1.85	-1.84	-1.83	-2.04	-2.26	-2.47	-2.69	-2.9	-3.12	-3.33	-3.55	-3.77	-3.98	-4.2	-4.41	-4.63	-4.84	-5.06	-5.27	-5.49	-5.71	-5.92	-6.14	-6.35	-6.57	-6.78	-6.9	-7.02	-7.14	-7.26	-7.38	-7.5	-7.62	-7.74	-7.85	-7.97	-8.09	-8.21	-8.33	-8.45	-8.57	-8.69	-8.81	-8.93	-9.05	-9.16	-9.28	-9.4	-9.52	-9.38	-9.24	-9.1	-8.96	-8.82	-8.68	-8.54	-8.4	-8.26	-8.12	-7.98	-7.84	-7.7	-7.56	-7.42	-7.28	-7.14	-7	-6.86	-6.72	-6.58	-6.44	-6.3	-6.03	-5.76	-5.49	-5.22	-4.95	-4.68	-4.41	-4.14	-3.87	-3.6	-3.33	-3.06	-2.79	-2.52	-2.25	-1.98	-1.71	-1.44	-1.17	-0.9	-0.63	-0.36	-0.09	0	0	0	0	0	0	0	0	0	0	0	0	0	0	0	0
0	0	0	0	0	0	0	0	0	0	0	0	0	0	0	-0.07	-0.22	-0.36	-0.5	-0.65	-0.79	-0.94	-1.08	-1.22	-1.37	-1.51	-1.65	-1.8	-1.94	-2.09	-2.23	-2.37	-2.52	-2.66	-2.8	-2.95	-3.09	-3.23	-3.38	-3.52	-3.47	-3.43	-3.38	-3.33	-3.29	-3.24	-3.19	-3.14	-3.1	-3.05	-3	-2.95	-2.91	-2.86	-2.81	-2.77	-2.72	-2.67	-2.62	-2.58	-2.53	-2.48	-2.43	-2.42	-2.41	-2.4	-2.38	-2.37	-2.36	-2.34	-2.33	-2.32	-2.3	-2.29	-2.28	-2.26	-2.25	-2.24	-2.22	-2.21	-2.2	-2.18	-2.17	-2.16	-2.14	-2.13	-2.34	-2.55	-2.75	-2.96	-3.17	-3.38	-3.59	-3.79	-4	-4.21	-4.42	-4.63	-4.83	-5.04	-5.25	-5.46	-5.67	-5.87	-6.08	-6.29	-6.5	-6.71	-6.91	-7.03	-7.15	-7.26	-7.38	-7.5	-7.62	-7.73	-7.85	-7.97	-8.09	-8.2	-8.32	-8.44	-8.55	-8.67	-8.79	-8.91	-9.02	-9.14	-9.26	-9.37	-9.49	-9.61	-9.47	-9.34	-9.21	-9.07	-8.94	-8.8	-8.67	-8.53	-8.4	-8.27	-8.13	-8	-7.86	-7.73	-7.6	-7.46	-7.33	-7.19	-7.06	-6.92	-6.79	-6.66	-6.52	-6.26	-5.99	-5.73	-5.46	-5.2	-4.93	-4.67	-4.4	-4.14	-3.88	-3.61	-3.35	-3.08	-2.82	-2.55	-2.29	-2.02	-1.76	-1.49	-1.23	-0.96	-0.7	-0.43	-0.17	0	0	0	0	0	0	0	0	0	0	0	0	0	0	0
0	0	0	0	0	0	0	0	0	0	0	0	0	0	-0.1	-0.25	-0.39	-0.54	-0.68	-0.83	-0.97	-1.12	-1.26	-1.41	-1.56	-1.7	-1.85	-1.99	-2.14	-2.28	-2.43	-2.57	-2.72	-2.87	-3.01	-3.16	-3.3	-3.45	-3.59	-3.74	-3.7	-3.66	-3.61	-3.57	-3.53	-3.49	-3.45	-3.41	-3.36	-3.32	-3.28	-3.24	-3.2	-3.16	-3.12	-3.07	-3.03	-2.99	-2.95	-2.91	-2.87	-2.82	-2.78	-2.77	-2.75	-2.74	-2.72	-2.71	-2.69	-2.68	-2.66	-2.65	-2.63	-2.62	-2.6	-2.59	-2.57	-2.56	-2.54	-2.53	-2.51	-2.5	-2.48	-2.47	-2.45	-2.43	-2.64	-2.84	-3.04	-3.24	-3.44	-3.64	-3.84	-4.04	-4.24	-4.44	-4.64	-4.84	-5.04	-5.24	-5.44	-5.64	-5.84	-6.04	-6.24	-6.44	-6.64	-6.84	-7.04	-7.16	-7.27	-7.39	-7.5	-7.62	-7.74	-7.85	-7.97	-8.08	-8.2	-8.31	-8.43	-8.54	-8.66	-8.77	-8.89	-9	-9.12	-9.23	-9.35	-9.47	-9.58	-9.7	-9.57	-9.44	-9.31	-9.18	-9.05	-8.92	-8.8	-8.67	-8.54	-8.41	-8.28	-8.15	-8.02	-7.9	-7.77	-7.64	-7.51	-7.38	-7.25	-7.12	-7	-6.87	-6.74	-6.48	-6.22	-5.96	-5.7	-5.44	-5.19	-4.93	-4.67	-4.41	-4.15	-3.89	-3.63	-3.37	-3.11	-2.85	-2.6	-2.34	-2.08	-1.82	-1.56	-1.3	-1.04	-0.78	-0.52	-0.26	-0.01	0	0	0	0	0	0	0	0	0	0	0	0	0
0	0	0	0	0	0	0	0	0	0	0	0	0	-0.12	-0.27	-0.42	-0.57	-0.71	-0.86	-1.01	-1.16	-1.3	-1.45	-1.6	-1.74	-1.89	-2.04	-2.19	-2.33	-2.48	-2.63	-2.78	-2.92	-3.07	-3.22	-3.37	-3.51	-3.66	-3.81	-3.96	-3.92	-3.88	-3.85	-3.81	-3.78	-3.74	-3.71	-3.67	-3.63	-3.6	-3.56	-3.53	-3.49	-3.45	-3.42	-3.38	-3.35	-3.31	-3.27	-3.24	-3.2	-3.17	-3.13	-3.11	-3.1	-3.08	-3.06	-3.05	-3.03	-3.01	-2.99	-2.98	-2.96	-2.94	-2.93	-2.91	-2.89	-2.88	-2.86	-2.84	-2.82	-2.81	-2.79	-2.77	-2.76	-2.74	-2.93	-3.12	-3.32	-3.51	-3.7	-3.9	-4.09	-4.28	-4.47	-4.67	-4.86	-5.05	-5.25	-5.44	-5.63	-5.82	-6.02	-6.21	-6.4	-6.6	-6.79	-6.98	-7.17	-7.29	-7.4	-7.51	-7.63	-7.74	-7.85	-7.97	-8.08	-8.19	-8.31	-8.42	-8.53	-8.65	-8.76	-8.88	-8.99	-9.1	-9.22	-9.33	-9.44	-9.56	-9.67	-9.78	-9.66	-9.54	-9.41	-9.29	-9.17	-9.05	-8.92	-8.8	-8.68	-8.55	-8.43	-8.31	-8.19	-8.06	-7.94	-7.82	-7.69	-7.57	-7.45	-7.33	-7.2	-7.08	-6.96	-6.7	-6.45	-6.2	-5.94	-5.69	-5.44	-5.18	-4.93	-4.68	-4.42	-4.17	-3.92	-3.66	-3.41	-3.16	-2.9	-2.65	-2.4	-2.14	-1.89	-1.64	-1.38	-1.13	-0.88	-0.62	-0.37	-0.12	0	0	0	0	0	0	0	0	0	0	0	0
0	0	0	0	0	0	0	0	0	0	0	0	-0.14	-0.29	-0.44	-0.59	-0.74	-0.89	-1.04	-1.19	-1.34	-1.49	-1.64	-1.78	-1.93	-2.08	-2.23	-2.38	-2.53	-2.68	-2.83	-2.98	-3.13	-3.28	-3.43	-3.58	-3.73	-3.88	-4.02	-4.17	-4.14	-4.11	-4.08	-4.05	-4.02	-3.99	-3.96	-3.93	-3.9	-3.87	-3.84	-3.81	-3.78	-3.75	-3.72	-3.69	-3.66	-3.63	-3.6	-3.57	-3.54	-3.51	-3.48	-3.46	-3.44	-3.42	-3.4	-3.38	-3.36	-3.35	-3.33	-3.31	-3.29	-3.27	-3.25	-3.23	-3.21	-3.19	-3.18	-3.16	-3.14	-3.12	-3.1	-3.08	-3.06	-3.04	-3.23	-3.41	-3.6	-3.78	-3.97	-4.16	-4.34	-4.53	-4.71	-4.9	-5.08	-5.27	-5.45	-5.64	-5.82	-6.01	-6.19	-6.38	-6.56	-6.75	-6.93	-7.12	-7.3	-7.42	-7.53	-7.64	-7.75	-7.86	-7.97	-8.09	-8.2	-8.31	-8.42	-8.53	-8.64	-8.75	-8.87	-8.98	-9.09	-9.2	-9.31	-9.42	-9.53	-9.65	-9.76	-9.87	-9.75	-9.64	-9.52	-9.4	-9.28	-9.17	-9.05	-8.93	-8.81	-8.7	-8.58	-8.46	-8.35	-8.23	-8.11	-7.99	-7.88	-7.76	-7.64	-7.53	-7.41	-7.29	-7.17	-6.93	-6.68	-6.43	-6.18	-5.94	-5.69	-5.44	-5.19	-4.95	-4.7	-4.45	-4.2	-3.95	-3.71	-3.46	-3.21	-2.96	-2.72	-2.47	-2.22	-1.97	-1.73	-1.48	-1.23	-0.98	-0.74	-0.49	-0.24	0	0	0	0	0	0	0	0	0	0	0
0	0	0	0	0	0	0	0	0	0	-0.01	-0.16	-0.31	-0.46	-0.61	-0.76	-0.91	-1.06	-1.22	-1.37	-1.52	-1.67	-1.82	-1.97	-2.12	-2.27	-2.43	-2.58	-2.73	-2.88	-3.03	-3.18	-3.33	-3.48	-3.64	-3.79	-3.94	-4.09	-4.24	-4.39	-4.37	-4.34	-4.32	-4.29	-4.27	-4.24	-4.22	-4.19	-4.17	-4.15	-4.12	-4.1	-4.07	-4.05	-4.02	-4	-3.97	-3.95	-3.92	-3.9	-3.88	-3.85	-3.83	-3.81	-3.78	-3.76	-3.74	-3.72	-3.7	-3.68	-3.66	-3.64	-3.62	-3.6	-3.58	-3.56	-3.53	-3.51	-3.49	-3.47	-3.45	-3.43	-3.41	-3.39	-3.37	-3.35	-3.53	-3.7	-3.88	-4.06	-4.24	-4.41	-4.59	-4.77	-4.95	-5.12	-5.3	-5.48	-5.66	-5.84	-6.01	-6.19	-6.37	-6.55	-6.72	-6.9	-7.08	-7.26	-7.43	-7.54	-7.65	-7.76	-7.87	-7.98	-8.09	-8.2	-8.31	-8.42	-8.53	-8.64	-8.75	-8.86	-8.97	-9.08	-9.19	-9.3	-9.41	-9.52	-9.63	-9.74	-9.85	-9.96	-9.84	-9.73	-9.62	-9.51	-9.4	-9.29	-9.18	-9.06	-8.95	-8.84	-8.73	-8.62	-8.51	-8.4	-8.28	-8.17	-8.06	-7.95	-7.84	-7.73	-7.61	-7.5	-7.39	-7.15	-6.91	-6.67	-6.42	-6.18	-5.94	-5.7	-5.46	-5.21	-4.97	-4.73	-4.49	-4.25	-4	-3.76	-3.52	-3.28	-3.04	-2.79	-2.55	-2.31	-2.07	-1.83	-1.58	-1.34	-1.1	-0.86	-0.62	-0.37	-0.13	0	0	0	0	0	0	0	0	0
0	0	0	0	0	0	0	0	0	-0.02	-0.17	-0.32	-0.47	-0.63	-0.78	-0.93	-1.09	-1.24	-1.39	-1.55	-1.7	-1.85	-2.01	-2.16	-2.31	-2.47	-2.62	-2.77	-2.92	-3.08	-3.23	-3.38	-3.54	-3.69	-3.84	-4	-4.15	-4.3	-4.46	-4.61	-4.59	-4.57	-4.55	-4.53	-4.51	-4.5	-4.48	-4.46	-4.44	-4.42	-4.4	-4.38	-4.36	-4.34	-4.33	-4.31	-4.29	-4.27	-4.25	-4.23	-4.21	-4.19	-4.17	-4.15	-4.13	-4.11	-4.08	-4.06	-4.04	-4.02	-3.99	-3.97	-3.95	-3.92	-3.9	-3.88	-3.86	-3.83	-3.81	-3.79	-3.77	-3.74	-3.72	-3.7	-3.67	-3.65	-3.82	-3.99	-4.16	-4.33	-4.5	-4.67	-4.84	-5.01	-5.18	-5.35	-5.52	-5.69	-5.86	-6.03	-6.2	-6.37	-6.54	-6.71	-6.88	-7.05	-7.22	-7.4	-7.57	-7.67	-7.78	-7.89	-8	-8.1	-8.21	-8.32	-8.43	-8.53	-8.64	-8.75	-8.86	-8.97	-9.07	-9.18	-9.29	-9.4	-9.5	-9.61	-9.72	-9.83	-9.94	-10.04	-9.94	-9.83	-9.73	-9.62	-9.51	-9.41	-9.3	-9.2	-9.09	-8.98	-8.88	-8.77	-8.67	-8.56	-8.46	-8.35	-8.24	-8.14	-8.03	-7.93	-7.82	-7.71	-7.61	-7.37	-7.14	-6.9	-6.66	-6.43	-6.19	-5.95	-5.72	-5.48	-5.25	-5.01	-4.77	-4.54	-4.3	-4.06	-3.83	-3.59	-3.36	-3.12	-2.88	-2.65	-2.41	-2.17	-1.94	-1.7	-1.47	-1.23	-0.99	-0.76	-0.52	-0.28	-0.05	0	0	0	0	0	0	0
0	0	0	0	0	0	0	0	-0.02	-0.18	-0.33	-0.49	-0.64	-0.8	-0.95	-1.11	-1.26	-1.42	-1.57	-1.73	-1.88	-2.04	-2.19	-2.35	-2.5	-2.66	-2.81	-2.97	-3.12	-3.28	-3.43	-3.59	-3.74	-3.9	-4.05	-4.21	-4.36	-4.52	-4.67	-4.83	-4.81	-4.8	-4.79	-4.77	-4.76	-4.75	-4.73	-4.72	-4.71	-4.69	-4.68	-4.67	-4.65	-4.64	-4.63	-4.61	-4.6	-4.59	-4.57	-4.56	-4.55	-4.53	-4.52	-4.5	-4.47	-4.45	-4.42	-4.4	-4.37	-4.35	-4.33	-4.3	-4.28	-4.25	-4.23	-4.2	-4.18	-4.15	-4.13	-4.1	-4.08	-4.05	-4.03	-4.01	-3.98	-3.96	-4.12	-4.28	-4.44	-4.61	-4.77	-4.93	-5.09	-5.26	-5.42	-5.58	-5.74	-5.91	-6.07	-6.23	-6.4	-6.56	-6.72	-6.88	-7.05	-7.21	-7.37	-7.53	-7.7	-7.8	-7.91	-8.01	-8.12	-8.22	-8.33	-8.44	-8.54	-8.65	-8.75	-8.86	-8.97	-9.07	-9.18	-9.28	-9.39	-9.5	-9.6	-9.71	-9.81	-9.92	-10.02	-10.13	-10.03	-9.93	-9.83	-9.73	-9.63	-9.53	-9.43	-9.33	-9.23	-9.13	-9.03	-8.93	-8.83	-8.73	-8.63	-8.53	-8.43	-8.33	-8.23	-8.13	-8.03	-7.93	-7.83	-7.6	-7.36	-7.13	-6.9	-6.67	-6.44	-6.21	-5.98	-5.75	-5.52	-5.29	-5.06	-4.83	-4.6	-4.37	-4.14	-3.91	-3.67	-3.44	-3.21	-2.98	-2.75	-2.52	-2.29	-2.06	-1.83	-1.6	-1.37	-1.14	-0.91	-0.68	-0.45	-0.22	0	0	0	0	0	0
0	0	0	0	0	0	0	-0.02	-0.18	-0.34	-0.49	-0.65	-0.81	-0.96	-1.12	-1.28	-1.43	-1.59	-1.75	-1.91	-2.06	-2.22	-2.38	-2.53	-2.69	-2.85	-3	-3.16	-3.32	-3.47	-3.63	-3.79	-3.95	-4.1	-4.26	-4.42	-4.57	-4.73	-4.89	-5.04	-5.04	-5.03	-5.02	-5.01	-5.01	-5	-4.99	-4.98	-4.98	-4.97	-4.96	-4.95	-4.95	-4.94	-4.93	-4.92	-4.91	-4.91	-4.9	-4.89	-4.88	-4.88	-4.87	-4.84	-4.82	-4.79	-4.76	-4.74	-4.71	-4.68	-4.66	-4.63	-4.6	-4.58	-4.55	-4.53	-4.5	-4.47	-4.45	-4.42	-4.39	-4.37	-4.34	-4.31	-4.29	-4.26	-4.42	-4.57	-4.73	-4.88	-5.04	-5.19	-5.35	-5.5	-5.66	-5.81	-5.97	-6.12	-6.28	-6.43	-6.59	-6.74	-6.9	-7.05	-7.21	-7.36	-7.52	-7.67	-7.83	-7.93	-8.03	-8.14	-8.24	-8.35	-8.45	-8.55	-8.66	-8.76	-8.87	-8.97	-9.07	-9.18	-9.28	-9.39	-9.49	-9.59	-9.7	-9.8	-9.91	-10.01	-10.11	-10.22	-10.12	-10.03	-9.93	-9.84	-9.74	-9.65	-9.56	-9.46	-9.37	-9.27	-9.18	-9.08	-8.99	-8.89	-8.8	-8.71	-8.61	-8.52	-8.42	-8.33	-8.23	-8.14	-8.04	-7.82	-7.59	-7.37	-7.14	-6.92	-6.69	-6.47	-6.24	-6.02	-5.79	-5.57	-5.34	-5.12	-4.89	-4.67	-4.44	-4.22	-3.99	-3.77	-3.54	-3.32	-3.09	-2.87	-2.64	-2.42	-2.19	-1.97	-1.74	-1.52	-1.29	-1.07	-0.84	-0.62	-0.4	0	0	0	0	0
0	0	0	0	0	0	-0.02	-0.18	-0.34	-0.5	-0.66	-0.81	-0.97	-1.13	-1.29	-1.45	-1.61	-1.77	-1.93	-2.09	-2.24	-2.4	-2.56	-2.72	-2.88	-3.04	-3.2	-3.36	-3.51	-3.67	-3.83	-3.99	-4.15	-4.31	-4.47	-4.63	-4.78	-4.94	-5.1	-5.26	-5.26	-5.26	-5.26	-5.25	-5.25	-5.25	-5.25	-5.25	-5.24	-5.24	-5.24	-5.24	-5.24	-5.23	-5.23	-5.23	-5.23	-5.23	-5.22	-5.22	-5.22	-5.22	-5.22	-5.19	-5.16	-5.13	-5.1	-5.08	-5.05	-5.02	-4.99	-4.96	-4.93	-4.91	-4.88	-4.85	-4.82	-4.79	-4.76	-4.74	-4.71	-4.68	-4.65	-4.62	-4.59	-4.57	-4.71	-4.86	-5.01	-5.16	-5.3	-5.45	-5.6	-5.74	-5.89	-6.04	-6.19	-6.33	-6.48	-6.63	-6.78	-6.92	-7.07	-7.22	-7.37	-7.51	-7.66	-7.81	-7.96	-8.06	-8.16	-8.26	-8.36	-8.47	-8.57	-8.67	-8.77	-8.88	-8.98	-9.08	-9.18	-9.28	-9.39	-9.49	-9.59	-9.69	-9.79	-9.9	-10	-10.1	-10.2	-10.3	-10.22	-10.13	-10.04	-9.95	-9.86	-9.77	-9.68	-9.59	-9.5	-9.42	-9.33	-9.24	-9.15	-9.06	-8.97	-8.88	-8.79	-8.71	-8.62	-8.53	-8.44	-8.35	-8.26	-8.04	-7.82	-7.6	-7.38	-7.16	-6.95	-6.73	-6.51	-6.29	-6.07	-5.85	-5.63	-5.41	-5.19	-4.97	-4.75	-4.53	-4.31	-4.09	-3.88	-3.66	-3.44	-3.22	-3	-2.78	-2.56	-2.34	-2.12	-1.9	-1.68	-1.46	-1.24	-1.02	-0.81	0	0	0	0	0
0	0	0	0	0	-0.02	-0.18	-0.34	-0.5	-0.66	-0.82	-0.98	-1.14	-1.3	-1.46	-1.62	-1.78	-1.94	-2.1	-2.26	-2.43	-2.59	-2.75	-2.91	-3.07	-3.23	-3.39	-3.55	-3.71	-3.87	-4.03	-4.19	-4.35	-4.51	-4.67	-4.84	-5	-5.16	-5.32	-5.48	-5.48	-5.49	-5.49	-5.49	-5.5	-5.5	-5.5	-5.51	-5.51	-5.52	-5.52	-5.52	-5.53	-5.53	-5.53	-5.54	-5.54	-5.55	-5.55	-5.55	-5.56	-5.56	-5.57	-5.53	-5.5	-5.47	-5.44	-5.41	-5.38	-5.35	-5.32	-5.29	-5.26	-5.23	-5.2	-5.17	-5.14	-5.11	-5.08	-5.05	-5.02	-4.99	-4.96	-4.93	-4.9	-4.87	-5.01	-5.15	-5.29	-5.43	-5.57	-5.71	-5.85	-5.99	-6.13	-6.27	-6.41	-6.55	-6.69	-6.83	-6.97	-7.11	-7.25	-7.39	-7.53	-7.67	-7.81	-7.95	-8.09	-8.19	-8.29	-8.39	-8.49	-8.59	-8.69	-8.79	-8.89	-8.99	-9.09	-9.19	-9.29	-9.39	-9.49	-9.59	-9.69	-9.79	-9.89	-9.99	-10.09	-10.19	-10.29	-10.39	-10.31	-10.22	-10.14	-10.06	-9.98	-9.89	-9.81	-9.73	-9.64	-9.56	-9.48	-9.39	-9.31	-9.23	-9.14	-9.06	-8.98	-8.89	-8.81	-8.73	-8.64	-8.56	-8.48	-8.26	-8.05	-7.84	-7.62	-7.41	-7.2	-6.98	-6.77	-6.56	-6.34	-6.13	-5.91	-5.7	-5.49	-5.27	-5.06	-4.85	-4.63	-4.42	-4.21	-3.99	-3.78	-3.57	-3.35	-3.14	-2.92	-2.71	-2.5	-2.28	-2.07	-1.86	-1.64	-1.43	-1.22	0	0	0	0	0
0	0	0	0	0	-0.17	-0.33	-0.49	-0.66	-0.82	-0.98	-1.14	-1.31	-1.47	-1.63	-1.79	-1.96	-2.12	-2.28	-2.44	-2.61	-2.77	-2.93	-3.09	-3.26	-3.42	-3.58	-3.74	-3.91	-4.07	-4.23	-4.4	-4.56	-4.72	-4.88	-5.05	-5.21	-5.37	-5.53	-5.7	-5.71	-5.71	-5.72	-5.73	-5.74	-5.75	-5.76	-5.77	-5.78	-5.79	-5.8	-5.81	-5.82	-5.83	-5.84	-5.85	-5.86	-5.87	-5.88	-5.88	-5.89	-5.9	-5.91	-5.88	-5.85	-5.82	-5.78	-5.75	-5.72	-5.69	-5.66	-5.62	-5.59	-5.56	-5.53	-5.5	-5.46	-5.43	-5.4	-5.37	-5.33	-5.3	-5.27	-5.24	-5.21	-5.17	-5.31	-5.44	-5.57	-5.7	-5.84	-5.97	-6.1	-6.23	-6.36	-6.5	-6.63	-6.76	-6.89	-7.03	-7.16	-7.29	-7.42	-7.56	-7.69	-7.82	-7.95	-8.09	-8.22	-8.32	-8.41	-8.51	-8.61	-8.71	-8.81	-8.91	-9	-9.1	-9.2	-9.3	-9.4	-9.5	-9.59	-9.69	-9.79	-9.89	-9.99	-10.09	-10.18	-10.28	-10.38	-10.48	-10.4	-10.32	-10.25	-10.17	-10.09	-10.01	-9.94	-9.86	-9.78	-9.7	-9.63	-9.55	-9.47	-9.39	-9.32	-9.24	-9.16	-9.08	-9.01	-8.93	-8.85	-8.77	-8.7	-8.49	-8.28	-8.07	-7.86	-7.66	-7.45	-7.24	-7.03	-6.82	-6.62	-6.41	-6.2	-5.99	-5.78	-5.58	-5.37	-5.16	-4.95	-4.74	-4.54	-4.33	-4.12	-3.91	-3.71	-3.5	-3.29	-3.08	-2.87	-2.67	-2.46	-2.25	-2.04	-1.83	-1.63	0	0	0	0	0
0	0	0	0	0	-0.32	-0.49	-0.65	-0.81	-0.98	-1.14	-1.31	-1.47	-1.64	-1.8	-1.97	-2.13	-2.29	-2.46	-2.62	-2.79	-2.95	-3.12	-3.28	-3.45	-3.61	-3.78	-3.94	-4.1	-4.27	-4.43	-4.6	-4.76	-4.93	-5.09	-5.26	-5.42	-5.58	-5.75	-5.91	-5.93	-5.94	-5.96	-5.97	-5.99	-6	-6.02	-6.03	-6.05	-6.06	-6.08	-6.09	-6.11	-6.12	-6.14	-6.16	-6.17	-6.19	-6.2	-6.22	-6.23	-6.25	-6.26	-6.23	-6.19	-6.16	-6.12	-6.09	-6.06	-6.02	-5.99	-5.95	-5.92	-5.89	-5.85	-5.82	-5.78	-5.75	-5.72	-5.68	-5.65	-5.61	-5.58	-5.55	-5.51	-5.48	-5.6	-5.73	-5.85	-5.98	-6.1	-6.23	-6.35	-6.48	-6.6	-6.73	-6.85	-6.98	-7.1	-7.22	-7.35	-7.47	-7.6	-7.72	-7.85	-7.97	-8.1	-8.22	-8.35	-8.44	-8.54	-8.64	-8.73	-8.83	-8.93	-9.02	-9.12	-9.22	-9.31	-9.41	-9.5	-9.6	-9.7	-9.79	-9.89	-9.99	-10.08	-10.18	-10.28	-10.37	-10.47	-10.57	-10.49	-10.42	-10.35	-10.28	-10.21	-10.13	-10.06	-9.99	-9.92	-9.85	-9.78	-9.7	-9.63	-9.56	-9.49	-9.42	-9.34	-9.27	-9.2	-9.13	-9.06	-8.98	-8.91	-8.71	-8.51	-8.31	-8.1	-7.9	-7.7	-7.5	-7.29	-7.09	-6.89	-6.69	-6.49	-6.28	-6.08	-5.88	-5.68	-5.47	-5.27	-5.07	-4.87	-4.67	-4.46	-4.26	-4.06	-3.86	-3.65	-3.45	-3.25	-3.05	-2.84	-2.64	-2.44	-2.24	-2.04	0	0	0	0	0
0	0	0	0	0	-0.47	-0.64	-0.81	-0.97	-1.14	-1.31	-1.47	-1.64	-1.81	-1.97	-2.14	-2.3	-2.47	-2.64	-2.8	-2.97	-3.14	-3.3	-3.47	-3.64	-3.8	-3.97	-4.13	-4.3	-4.47	-4.63	-4.8	-4.97	-5.13	-5.3	-5.47	-5.63	-5.8	-5.96	-6.13	-6.15	-6.17	-6.19	-6.21	-6.23	-6.26	-6.28	-6.3	-6.32	-6.34	-6.36	-6.38	-6.4	-6.42	-6.44	-6.46	-6.48	-6.5	-6.53	-6.55	-6.57	-6.59	-6.61	-6.57	-6.54	-6.5	-6.47	-6.43	-6.39	-6.36	-6.32	-6.29	-6.25	-6.21	-6.18	-6.14	-6.11	-6.07	-6.03	-6	-5.96	-5.93	-5.89	-5.85	-5.82	-5.78	-5.9	-6.02	-6.13	-6.25	-6.37	-6.49	-6.6	-6.72	-6.84	-6.95	-7.07	-7.19	-7.31	-7.42	-7.54	-7.66	-7.78	-7.89	-8.01	-8.13	-8.24	-8.36	-8.48	-8.57	-8.67	-8.76	-8.86	-8.95	-9.05	-9.14	-9.23	-9.33	-9.42	-9.52	-9.61	-9.71	-9.8	-9.9	-9.99	-10.09	-10.18	-10.27	-10.37	-10.46	-10.56	-10.65	-10.59	-10.52	-10.45	-10.39	-10.32	-10.26	-10.19	-10.12	-10.06	-9.99	-9.92	-9.86	-9.79	-9.73	-9.66	-9.59	-9.53	-9.46	-9.4	-9.33	-9.26	-9.2	-9.13	-8.93	-8.74	-8.54	-8.34	-8.15	-7.95	-7.75	-7.56	-7.36	-7.16	-6.97	-6.77	-6.57	-6.38	-6.18	-5.98	-5.79	-5.59	-5.4	-5.2	-5	-4.81	-4.61	-4.41	-4.22	-4.02	-3.82	-3.63	-3.43	-3.23	-3.04	-2.84	-2.64	-2.45	0	0	0	0	0
0	0	0	0	0	-0.63	-0.8	-0.96	-1.13	-1.3	-1.47	-1.64	-1.81	-1.97	-2.14	-2.31	-2.48	-2.65	-2.81	-2.98	-3.15	-3.32	-3.49	-3.66	-3.82	-3.99	-4.16	-4.33	-4.5	-4.67	-4.83	-5	-5.17	-5.34	-5.51	-5.67	-5.84	-6.01	-6.18	-6.35	-6.37	-6.4	-6.43	-6.45	-6.48	-6.51	-6.53	-6.56	-6.59	-6.61	-6.64	-6.67	-6.69	-6.72	-6.74	-6.77	-6.8	-6.82	-6.85	-6.88	-6.9	-6.93	-6.96	-6.92	-6.88	-6.84	-6.81	-6.77	-6.73	-6.69	-6.65	-6.62	-6.58	-6.54	-6.5	-6.47	-6.43	-6.39	-6.35	-6.31	-6.28	-6.24	-6.2	-6.16	-6.12	-6.09	-6.2	-6.31	-6.42	-6.53	-6.64	-6.74	-6.85	-6.96	-7.07	-7.18	-7.29	-7.4	-7.51	-7.62	-7.73	-7.84	-7.95	-8.06	-8.17	-8.28	-8.39	-8.5	-8.61	-8.7	-8.79	-8.89	-8.98	-9.07	-9.16	-9.26	-9.35	-9.44	-9.53	-9.63	-9.72	-9.81	-9.91	-10	-10.09	-10.18	-10.28	-10.37	-10.46	-10.55	-10.65	-10.74	-10.68	-10.62	-10.56	-10.5	-10.44	-10.38	-10.32	-10.26	-10.19	-10.13	-10.07	-10.01	-9.95	-9.89	-9.83	-9.77	-9.71	-9.65	-9.59	-9.53	-9.47	-9.41	-9.35	-9.16	-8.97	-8.78	-8.58	-8.39	-8.2	-8.01	-7.82	-7.63	-7.44	-7.25	-7.06	-6.87	-6.67	-6.48	-6.29	-6.1	-5.91	-5.72	-5.53	-5.34	-5.15	-4.96	-4.77	-4.57	-4.38	-4.19	-4	-3.81	-3.62	-3.43	-3.24	-3.05	-2.86	0	0	0	0	0
0	0	0	0	0	-0.78	-0.95	-1.12	-1.29	-1.46	-1.63	-1.8	-1.97	-2.14	-2.31	-2.48	-2.65	-2.82	-2.99	-3.16	-3.33	-3.5	-3.67	-3.84	-4.01	-4.18	-4.35	-4.52	-4.69	-4.86	-5.03	-5.2	-5.37	-5.54	-5.71	-5.88	-6.05	-6.22	-6.4	-6.57	-6.6	-6.63	-6.66	-6.69	-6.73	-6.76	-6.79	-6.82	-6.85	-6.89	-6.92	-6.95	-6.98	-7.02	-7.05	-7.08	-7.11	-7.14	-7.18	-7.21	-7.24	-7.27	-7.3	-7.26	-7.22	-7.19	-7.15	-7.11	-7.07	-7.03	-6.99	-6.95	-6.91	-6.87	-6.83	-6.79	-6.75	-6.71	-6.67	-6.63	-6.59	-6.55	-6.51	-6.47	-6.43	-6.39	-6.49	-6.6	-6.7	-6.8	-6.9	-7	-7.11	-7.21	-7.31	-7.41	-7.51	-7.62	-7.72	-7.82	-7.92	-8.02	-8.13	-8.23	-8.33	-8.43	-8.53	-8.64	-8.74	-8.83	-8.92	-9.01	-9.1	-9.19	-9.28	-9.37	-9.47	-9.56	-9.65	-9.74	-9.83	-9.92	-10.01	-10.1	-10.19	-10.28	-10.37	-10.46	-10.55	-10.64	-10.74	-10.83	-10.77	-10.72	-10.66	-10.61	-10.55	-10.5	-10.44	-10.39	-10.33	-10.28	-10.22	-10.17	-10.11	-10.06	-10	-9.95	-9.89	-9.84	-9.78	-9.73	-9.67	-9.62	-9.57	-9.38	-9.19	-9.01	-8.82	-8.64	-8.45	-8.27	-8.08	-7.9	-7.71	-7.53	-7.34	-7.16	-6.97	-6.79	-6.6	-6.42	-6.23	-6.05	-5.86	-5.67	-5.49	-5.3	-5.12	-4.93	-4.75	-4.56	-4.38	-4.19	-4.01	-3.82	-3.64	-3.45	-3.27	0	0	0	0	0
0	0	0	0	0	-0.93	-1.11	-1.28	-1.45	-1.62	-1.79	-1.97	-2.14	-2.31	-2.48	-2.65	-2.83	-3	-3.17	-3.34	-3.51	-3.69	-3.86	-4.03	-4.2	-4.37	-4.55	-4.72	-4.89	-5.06	-5.23	-5.41	-5.58	-5.75	-5.92	-6.09	-6.27	-6.44	-6.61	-6.78	-6.82	-6.86	-6.9	-6.93	-6.97	-7.01	-7.05	-7.09	-7.12	-7.16	-7.2	-7.24	-7.27	-7.31	-7.35	-7.39	-7.43	-7.46	-7.5	-7.54	-7.58	-7.61	-7.65	-7.61	-7.57	-7.53	-7.49	-7.44	-7.4	-7.36	-7.32	-7.28	-7.24	-7.19	-7.15	-7.11	-7.07	-7.03	-6.99	-6.95	-6.9	-6.86	-6.82	-6.78	-6.74	-6.7	-6.79	-6.88	-6.98	-7.07	-7.17	-7.26	-7.36	-7.45	-7.55	-7.64	-7.74	-7.83	-7.92	-8.02	-8.11	-8.21	-8.3	-8.4	-8.49	-8.59	-8.68	-8.78	-8.87	-8.96	-9.05	-9.14	-9.22	-9.31	-9.4	-9.49	-9.58	-9.67	-9.76	-9.85	-9.94	-10.02	-10.11	-10.2	-10.29	-10.38	-10.47	-10.56	-10.65	-10.74	-10.82	-10.91	-10.86	-10.81	-10.77	-10.72	-10.67	-10.62	-10.57	-10.52	-10.47	-10.42	-10.37	-10.32	-10.27	-10.22	-10.18	-10.13	-10.08	-10.03	-9.98	-9.93	-9.88	-9.83	-9.78	-9.6	-9.42	-9.24	-9.06	-8.88	-8.71	-8.53	-8.35	-8.17	-7.99	-7.81	-7.63	-7.45	-7.27	-7.09	-6.91	-6.73	-6.55	-6.37	-6.19	-6.01	-5.83	-5.65	-5.47	-5.29	-5.11	-4.93	-4.75	-4.57	-4.4	-4.22	-4.04	-3.86	-3.68	0	0	0	0	0
0	0	0	0	0	-1.09	-1.26	-1.43	-1.61	-1.78	-1.96	-2.13	-2.3	-2.48	-2.65	-2.83	-3	-3.17	-3.35	-3.52	-3.7	-3.87	-4.04	-4.22	-4.39	-4.57	-4.74	-4.91	-5.09	-5.26	-5.43	-5.61	-5.78	-5.96	-6.13	-6.3	-6.48	-6.65	-6.83	-7	-7.04	-7.09	-7.13	-7.17	-7.22	-7.26	-7.3	-7.35	-7.39	-7.43	-7.48	-7.52	-7.57	-7.61	-7.65	-7.7	-7.74	-7.78	-7.83	-7.87	-7.91	-7.96	-8	-7.96	-7.91	-7.87	-7.83	-7.78	-7.74	-7.7	-7.65	-7.61	-7.57	-7.52	-7.48	-7.43	-7.39	-7.35	-7.3	-7.26	-7.22	-7.17	-7.13	-7.09	-7.04	-7	-7.09	-7.17	-7.26	-7.35	-7.43	-7.52	-7.61	-7.7	-7.78	-7.87	-7.96	-8.04	-8.13	-8.22	-8.3	-8.39	-8.48	-8.57	-8.65	-8.74	-8.83	-8.91	-9	-9.09	-9.17	-9.26	-9.35	-9.43	-9.52	-9.61	-9.7	-9.78	-9.87	-9.96	-10.04	-10.13	-10.22	-10.3	-10.39	-10.48	-10.57	-10.65	-10.74	-10.83	-10.91	-11	-10.96	-10.91	-10.87	-10.83	-10.78	-10.74	-10.7	-10.65	-10.61	-10.57	-10.52	-10.48	-10.43	-10.39	-10.35	-10.3	-10.26	-10.22	-10.17	-10.13	-10.09	-10.04	-10	-9.83	-9.65	-9.48	-9.3	-9.13	-8.96	-8.78	-8.61	-8.43	-8.26	-8.09	-7.91	-7.74	-7.57	-7.39	-7.22	-7.04	-6.87	-6.7	-6.52	-6.35	-6.17	-6	-5.83	-5.65	-5.48	-5.3	-5.13	-4.96	-4.78	-4.61	-4.43	-4.26	-4.09	0	0	0	0	0
0	0	0	0	0	-1.24	-1.42	-1.59	-1.77	-1.94	-2.12	-2.29	-2.47	-2.65	-2.82	-3	-3.17	-3.35	-3.53	-3.7	-3.88	-4.05	-4.23	-4.4	-4.58	-4.76	-4.93	-5.11	-5.28	-5.46	-5.64	-5.81	-5.99	-6.16	-6.34	-6.51	-6.69	-6.87	-7.04	-7.22	-7.26	-7.29	-7.33	-7.37	-7.41	-7.44	-7.48	-7.52	-7.56	-7.6	-7.63	-7.67	-7.71	-7.75	-7.78	-7.82	-7.86	-7.9	-7.94	-7.97	-8.01	-8.05	-8.09	-8.04	-8	-7.96	-7.91	-7.87	-7.83	-7.78	-7.74	-7.7	-7.65	-7.61	-7.57	-7.52	-7.48	-7.43	-7.39	-7.35	-7.3	-7.26	-7.22	-7.17	-7.13	-7.09	-7.18	-7.26	-7.35	-7.44	-7.53	-7.62	-7.71	-7.8	-7.89	-7.98	-8.06	-8.15	-8.24	-8.33	-8.42	-8.51	-8.6	-8.69	-8.78	-8.86	-8.95	-9.04	-9.13	-9.21	-9.29	-9.37	-9.46	-9.54	-9.62	-9.7	-9.78	-9.86	-9.94	-10.02	-10.11	-10.19	-10.27	-10.35	-10.43	-10.51	-10.59	-10.67	-10.76	-10.84	-10.92	-11	-10.96	-10.92	-10.88	-10.84	-10.8	-10.76	-10.72	-10.68	-10.64	-10.6	-10.56	-10.52	-10.48	-10.44	-10.4	-10.36	-10.33	-10.29	-10.25	-10.21	-10.17	-10.13	-10.09	-9.92	-9.75	-9.58	-9.41	-9.24	-9.07	-8.9	-8.73	-8.56	-8.39	-8.22	-8.05	-7.88	-7.71	-7.53	-7.36	-7.19	-7.02	-6.85	-6.68	-6.51	-6.34	-6.17	-6	-5.83	-5.66	-5.49	-5.32	-5.15	-4.98	-4.81	-4.64	-4.47	-4.3	0	0	0	0	0
0	0	0	0	0	-1.39	-1.57	-1.75	-1.93	-2.1	-2.28	-2.46	-2.64	-2.81	-2.99	-3.17	-3.35	-3.53	-3.7	-3.88	-4.06	-4.24	-4.41	-4.59	-4.77	-4.95	-5.12	-5.3	-5.48	-5.66	-5.84	-6.01	-6.19	-6.37	-6.55	-6.72	-6.9	-7.08	-7.26	-7.43	-7.47	-7.5	-7.53	-7.56	-7.6	-7.63	-7.66	-7.69	-7.72	-7.76	-7.79	-7.82	-7.85	-7.88	-7.92	-7.95	-7.98	-8.01	-8.05	-8.08	-8.11	-8.14	-8.17	-8.13	-8.09	-8.04	-8	-7.96	-7.91	-7.87	-7.83	-7.78	-7.74	-7.7	-7.65	-7.61	-7.57	-7.52	-7.48	-7.43	-7.39	-7.35	-7.3	-7.26	-7.22	-7.17	-7.26	-7.36	-7.45	-7.54	-7.63	-7.72	-7.81	-7.9	-7.99	-8.08	-8.17	-8.26	-8.35	-8.44	-8.53	-8.63	-8.72	-8.81	-8.9	-8.99	-9.08	-9.17	-9.26	-9.34	-9.41	-9.49	-9.56	-9.64	-9.71	-9.79	-9.87	-9.94	-10.02	-10.09	-10.17	-10.24	-10.32	-10.4	-10.47	-10.55	-10.62	-10.7	-10.77	-10.85	-10.92	-11	-10.96	-10.93	-10.89	-10.86	-10.82	-10.78	-10.75	-10.71	-10.68	-10.64	-10.6	-10.57	-10.53	-10.5	-10.46	-10.43	-10.39	-10.35	-10.32	-10.28	-10.25	-10.21	-10.17	-10.01	-9.84	-9.67	-9.51	-9.34	-9.18	-9.01	-8.84	-8.68	-8.51	-8.34	-8.18	-8.01	-7.84	-7.68	-7.51	-7.35	-7.18	-7.01	-6.85	-6.68	-6.51	-6.35	-6.18	-6.02	-5.85	-5.68	-5.52	-5.35	-5.18	-5.02	-4.85	-4.68	-4.52	0	0	0	0	0
0	0	0	0	0	-1.55	-1.73	-1.91	-2.09	-2.26	-2.44	-2.62	-2.8	-2.98	-3.16	-3.34	-3.52	-3.7	-3.88	-4.06	-4.24	-4.42	-4.6	-4.78	-4.96	-5.14	-5.32	-5.5	-5.68	-5.86	-6.04	-6.22	-6.4	-6.57	-6.75	-6.93	-7.11	-7.29	-7.47	-7.65	-7.68	-7.71	-7.73	-7.76	-7.78	-7.81	-7.84	-7.86	-7.89	-7.92	-7.94	-7.97	-8	-8.02	-8.05	-8.08	-8.1	-8.13	-8.16	-8.18	-8.21	-8.23	-8.26	-8.22	-8.17	-8.13	-8.09	-8.04	-8	-7.96	-7.91	-7.87	-7.83	-7.78	-7.74	-7.7	-7.65	-7.61	-7.57	-7.52	-7.48	-7.43	-7.39	-7.35	-7.3	-7.26	-7.35	-7.45	-7.54	-7.63	-7.72	-7.82	-7.91	-8	-8.09	-8.19	-8.28	-8.37	-8.47	-8.56	-8.65	-8.74	-8.84	-8.93	-9.02	-9.11	-9.21	-9.3	-9.39	-9.46	-9.53	-9.6	-9.67	-9.74	-9.81	-9.88	-9.95	-10.02	-10.09	-10.16	-10.23	-10.3	-10.37	-10.44	-10.51	-10.58	-10.65	-10.72	-10.79	-10.86	-10.93	-11	-10.97	-10.94	-10.9	-10.87	-10.84	-10.81	-10.78	-10.74	-10.71	-10.68	-10.65	-10.61	-10.58	-10.55	-10.52	-10.49	-10.45	-10.42	-10.39	-10.36	-10.33	-10.29	-10.26	-10.1	-9.94	-9.77	-9.61	-9.45	-9.29	-9.12	-8.96	-8.8	-8.64	-8.47	-8.31	-8.15	-7.98	-7.82	-7.66	-7.5	-7.33	-7.17	-7.01	-6.85	-6.68	-6.52	-6.36	-6.2	-6.03	-5.87	-5.71	-5.55	-5.38	-5.22	-5.06	-4.9	-4.73	0	0	0	0	0
0	0	0	0	0	-1.7	-1.88	-2.06	-2.24	-2.43	-2.61	-2.79	-2.97	-3.15	-3.33	-3.51	-3.7	-3.88	-4.06	-4.24	-4.42	-4.6	-4.78	-4.97	-5.15	-5.33	-5.51	-5.69	-5.87	-6.05	-6.24	-6.42	-6.6	-6.78	-6.96	-7.14	-7.33	-7.51	-7.69	-7.87	-7.89	-7.91	-7.93	-7.95	-7.97	-7.99	-8.02	-8.04	-8.06	-8.08	-8.1	-8.12	-8.14	-8.16	-8.18	-8.2	-8.22	-8.24	-8.26	-8.29	-8.31	-8.33	-8.35	-8.3	-8.26	-8.22	-8.17	-8.13	-8.09	-8.04	-8	-7.96	-7.91	-7.87	-7.83	-7.78	-7.74	-7.7	-7.65	-7.61	-7.57	-7.52	-7.48	-7.43	-7.39	-7.35	-7.44	-7.54	-7.63	-7.73	-7.82	-7.91	-8.01	-8.1	-8.2	-8.29	-8.39	-8.48	-8.58	-8.67	-8.77	-8.86	-8.95	-9.05	-9.14	-9.24	-9.33	-9.43	-9.52	-9.59	-9.65	-9.71	-9.78	-9.84	-9.91	-9.97	-10.04	-10.1	-10.16	-10.23	-10.29	-10.36	-10.42	-10.49	-10.55	-10.61	-10.68	-10.74	-10.81	-10.87	-10.94	-11	-10.97	-10.94	-10.91	-10.89	-10.86	-10.83	-10.8	-10.77	-10.74	-10.72	-10.69	-10.66	-10.63	-10.6	-10.57	-10.55	-10.52	-10.49	-10.46	-10.43	-10.4	-10.38	-10.35	-10.19	-10.03	-9.87	-9.71	-9.55	-9.4	-9.24	-9.08	-8.92	-8.76	-8.6	-8.44	-8.28	-8.12	-7.97	-7.81	-7.65	-7.49	-7.33	-7.17	-7.01	-6.85	-6.7	-6.54	-6.38	-6.22	-6.06	-5.9	-5.74	-5.58	-5.43	-5.27	-5.11	-4.95	0	0	0	0	0
